Running 1m test @ http://192.168.100.100:8080/exp1-1k.txt
  4 threads and 256 connections
  Thread calibration: mean lat.: 1.393ms, rate sampling interval: 10ms
  Thread calibration: mean lat.: 1.319ms, rate sampling interval: 10ms
  Thread calibration: mean lat.: 1.305ms, rate sampling interval: 10ms
  Thread calibration: mean lat.: 1.457ms, rate sampling interval: 10ms
  Thread Stats   Avg      Stdev     Max   +/- Stdev
    Latency     1.46ms    1.51ms  58.14ms   97.10%
    Req/Sec    65.98k     5.24k   87.56k    71.97%
  Latency Distribution (HdrHistogram - Recorded Latency)
 50.000%    1.25ms
 75.000%    1.76ms
 90.000%    2.34ms
 99.000%    4.71ms
 99.900%   22.43ms
 99.990%   49.85ms
 99.999%   56.90ms
100.000%   58.17ms

  Detailed Percentile spectrum:
       Value   Percentile   TotalCount 1/(1-Percentile)

       0.055     0.000000            2         1.00
       0.644     0.100000      1246848         1.11
       0.792     0.200000      2484753         1.25
       0.931     0.300000      3732369         1.43
       1.085     0.400000      4975006         1.67
       1.252     0.500000      6213014         2.00
       1.341     0.550000      6837540         2.22
       1.433     0.600000      7455049         2.50
       1.533     0.650000      8078258         2.86
       1.641     0.700000      8696310         3.33
       1.764     0.750000      9317494         4.00
       1.835     0.775000      9628659         4.44
       1.914     0.800000      9935803         5.00
       2.004     0.825000     10248844         5.71
       2.103     0.850000     10558515         6.67
       2.213     0.875000     10868238         8.00
       2.273     0.887500     11023546         8.89
       2.337     0.900000     11178518        10.00
       2.409     0.912500     11337013        11.43
       2.487     0.925000     11490583        13.33
       2.577     0.937500     11644413        16.00
       2.629     0.943750     11722433        17.78
       2.687     0.950000     11800116        20.00
       2.753     0.956250     11877209        22.86
       2.833     0.962500     11955708        26.67
       2.929     0.968750     12032375        32.00
       2.987     0.971875     12070976        35.56
       3.057     0.975000     12109953        40.00
       3.145     0.978125     12148343        45.71
       3.271     0.981250     12187167        53.33
       3.495     0.984375     12225864        64.00
       3.703     0.985938     12245146        71.11
       4.013     0.987500     12264567        80.00
       4.407     0.989062     12283897        91.43
       4.939     0.990625     12303446       106.67
       5.527     0.992188     12322774       128.00
       5.827     0.992969     12332435       142.22
       6.199     0.993750     12342124       160.00
       6.783     0.994531     12351844       182.86
       7.511     0.995313     12361530       213.33
       8.503     0.996094     12371223       256.00
       9.199     0.996484     12376080       284.44
      10.079     0.996875     12380941       320.00
      11.015     0.997266     12385790       365.71
      12.255     0.997656     12390639       426.67
      13.767     0.998047     12395484       512.00
      14.735     0.998242     12397923       568.89
      15.567     0.998437     12400353       640.00
      16.415     0.998633     12402796       731.43
      17.983     0.998828     12405190       853.33
      23.071     0.999023     12407606      1024.00
      25.535     0.999121     12408819      1137.78
      27.871     0.999219     12410039      1280.00
      30.655     0.999316     12411244      1462.86
      33.471     0.999414     12412461      1706.67
      36.607     0.999512     12413672      2048.00
      38.143     0.999561     12414287      2275.56
      39.167     0.999609     12414899      2560.00
      40.351     0.999658     12415497      2925.71
      41.471     0.999707     12416112      3413.33
      42.687     0.999756     12416716      4096.00
      43.359     0.999780     12417011      4551.11
      44.063     0.999805     12417322      5120.00
      44.959     0.999829     12417622      5851.43
      46.303     0.999854     12417918      6826.67
      47.999     0.999878     12418223      8192.00
      49.023     0.999890     12418378      9102.22
      49.983     0.999902     12418522     10240.00
      50.911     0.999915     12418673     11702.86
      51.551     0.999927     12418827     13653.33
      52.159     0.999939     12418979     16384.00
      52.607     0.999945     12419056     18204.44
      53.183     0.999951     12419132     20480.00
      53.631     0.999957     12419205     23405.71
      54.207     0.999963     12419280     27306.67
      54.879     0.999969     12419357     32768.00
      55.135     0.999973     12419394     36408.89
      55.583     0.999976     12419431     40960.00
      56.095     0.999979     12419469     46811.43
      56.415     0.999982     12419510     54613.33
      56.607     0.999985     12419552     65536.00
      56.671     0.999986     12419566     72817.78
      56.735     0.999988     12419585     81920.00
      56.863     0.999989     12419604     93622.86
      56.927     0.999991     12419622    109226.67
      57.023     0.999992     12419643    131072.00
      57.055     0.999993     12419653    145635.56
      57.119     0.999994     12419660    163840.00
      57.183     0.999995     12419671    187245.71
      57.279     0.999995     12419681    218453.33
      57.311     0.999996     12419687    262144.00
      57.343     0.999997     12419693    291271.11
      57.375     0.999997     12419697    327680.00
      57.407     0.999997     12419703    374491.43
      57.439     0.999998     12419713    436906.67
      57.439     0.999998     12419713    524288.00
      57.439     0.999998     12419713    582542.22
      57.471     0.999998     12419720    655360.00
      57.471     0.999999     12419720    748982.86
      57.471     0.999999     12419720    873813.33
      57.503     0.999999     12419724   1048576.00
      57.503     0.999999     12419724   1165084.44
      57.535     0.999999     12419726   1310720.00
      57.535     0.999999     12419726   1497965.71
      57.599     0.999999     12419728   1747626.67
      57.791     1.000000     12419729   2097152.00
      57.791     1.000000     12419729   2330168.89
      57.919     1.000000     12419730   2621440.00
      57.919     1.000000     12419730   2995931.43
      57.951     1.000000     12419731   3495253.33
      57.983     1.000000     12419732   4194304.00
      57.983     1.000000     12419732   4660337.78
      57.983     1.000000     12419732   5242880.00
      57.983     1.000000     12419732   5991862.86
      58.047     1.000000     12419733   6990506.67
      58.047     1.000000     12419733   8388608.00
      58.047     1.000000     12419733   9320675.55
      58.047     1.000000     12419733  10485760.00
      58.047     1.000000     12419733  11983725.71
      58.175     1.000000     12419734  13981013.34
      58.175     1.000000     12419734          inf
#[Mean    =        1.461, StdDeviation   =        1.507]
#[Max     =       58.144, Total count    =     12419734]
#[Buckets =           27, SubBuckets     =         2048]
----------------------------------------------------------
  14854889 requests in 1.00m, 17.61GB read
Requests/sec: 247582.42
Transfer/sec:    300.57MB
