Running 1m test @ http://192.168.100.100:8080/exp1-1k.txt
  4 threads and 256 connections
  Thread calibration: mean lat.: 2.626ms, rate sampling interval: 10ms
  Thread calibration: mean lat.: 4.009ms, rate sampling interval: 10ms
  Thread calibration: mean lat.: 2.414ms, rate sampling interval: 10ms
  Thread calibration: mean lat.: 2.455ms, rate sampling interval: 10ms
  Thread Stats   Avg      Stdev     Max   +/- Stdev
    Latency     1.59ms    3.05ms  96.64ms   98.92%
    Req/Sec    66.01k     5.09k   85.56k    71.68%
  Latency Distribution (HdrHistogram - Recorded Latency)
 50.000%    1.25ms
 75.000%    1.76ms
 90.000%    2.32ms
 99.000%    5.61ms
 99.900%   48.29ms
 99.990%   93.06ms
 99.999%   95.68ms
100.000%   96.70ms

  Detailed Percentile spectrum:
       Value   Percentile   TotalCount 1/(1-Percentile)

       0.054     0.000000            1         1.00
       0.641     0.100000      1246080         1.11
       0.786     0.200000      2484150         1.25
       0.926     0.300000      3732392         1.43
       1.083     0.400000      4972071         1.67
       1.254     0.500000      6216594         2.00
       1.342     0.550000      6832364         2.22
       1.434     0.600000      7453323         2.50
       1.533     0.650000      8075684         2.86
       1.640     0.700000      8697266         3.33
       1.761     0.750000      9316602         4.00
       1.831     0.775000      9626754         4.44
       1.910     0.800000      9938440         5.00
       1.998     0.825000     10249218         5.71
       2.095     0.850000     10558361         6.67
       2.203     0.875000     10871075         8.00
       2.261     0.887500     11026680         8.89
       2.321     0.900000     11178589        10.00
       2.389     0.912500     11336581        11.43
       2.463     0.925000     11491727        13.33
       2.545     0.937500     11643981        16.00
       2.593     0.943750     11722840        17.78
       2.645     0.950000     11800382        20.00
       2.703     0.956250     11877143        22.86
       2.771     0.962500     11954474        26.67
       2.853     0.968750     12032314        32.00
       2.901     0.971875     12071070        35.56
       2.957     0.975000     12110486        40.00
       3.021     0.978125     12148345        45.71
       3.105     0.981250     12187633        53.33
       3.225     0.984375     12225705        64.00
       3.327     0.985938     12245050        71.11
       3.537     0.987500     12264451        80.00
       4.491     0.989062     12283867        91.43
       6.639     0.990625     12303261       106.67
      10.191     0.992188     12322690       128.00
      12.367     0.992969     12332366       142.22
      14.551     0.993750     12342070       160.00
      16.911     0.994531     12351803       182.86
      19.615     0.995313     12361494       213.33
      23.839     0.996094     12371200       256.00
      26.527     0.996484     12376036       284.44
      28.783     0.996875     12380921       320.00
      31.199     0.997266     12385755       365.71
      34.751     0.997656     12390605       426.67
      38.495     0.998047     12395441       512.00
      40.319     0.998242     12397884       568.89
      42.175     0.998437     12400299       640.00
      44.607     0.998633     12402714       731.43
      46.367     0.998828     12405164       853.33
      48.543     0.999023     12407589      1024.00
      49.631     0.999121     12408801      1137.78
      52.927     0.999219     12409998      1280.00
      56.479     0.999316     12411214      1462.86
      58.335     0.999414     12412439      1706.67
      61.727     0.999512     12413630      2048.00
      65.599     0.999561     12414234      2275.56
      69.439     0.999609     12414844      2560.00
      74.111     0.999658     12415447      2925.71
      77.887     0.999707     12416066      3413.33
      81.727     0.999756     12416662      4096.00
      83.711     0.999780     12416968      4551.11
      85.631     0.999805     12417274      5120.00
      87.935     0.999829     12417575      5851.43
      90.047     0.999854     12417876      6826.67
      91.711     0.999878     12418181      8192.00
      92.543     0.999890     12418328      9102.22
      93.119     0.999902     12418484     10240.00
      93.567     0.999915     12418634     11702.86
      94.079     0.999927     12418818     13653.33
      94.271     0.999939     12418951     16384.00
      94.399     0.999945     12419021     18204.44
      94.527     0.999951     12419087     20480.00
      94.719     0.999957     12419183     23405.71
      94.847     0.999963     12419252     27306.67
      94.975     0.999969     12419316     32768.00
      95.103     0.999973     12419369     36408.89
      95.167     0.999976     12419401     40960.00
      95.231     0.999979     12419439     46811.43
      95.295     0.999982     12419467     54613.33
      95.487     0.999985     12419523     65536.00
      95.487     0.999986     12419523     72817.78
      95.615     0.999988     12419558     81920.00
      95.679     0.999989     12419588     93622.86
      95.679     0.999991     12419588    109226.67
      95.743     0.999992     12419604    131072.00
      95.807     0.999993     12419610    145635.56
      95.935     0.999994     12419627    163840.00
      95.935     0.999995     12419627    187245.71
      95.999     0.999995     12419636    218453.33
      96.063     0.999996     12419652    262144.00
      96.063     0.999997     12419652    291271.11
      96.127     0.999997     12419663    327680.00
      96.127     0.999997     12419663    374491.43
      96.127     0.999998     12419663    436906.67
      96.191     0.999998     12419671    524288.00
      96.191     0.999998     12419671    582542.22
      96.255     0.999998     12419674    655360.00
      96.383     0.999999     12419679    748982.86
      96.383     0.999999     12419679    873813.33
      96.447     0.999999     12419683   1048576.00
      96.447     0.999999     12419683   1165084.44
      96.447     0.999999     12419683   1310720.00
      96.447     0.999999     12419683   1497965.71
      96.511     0.999999     12419686   1747626.67
      96.511     1.000000     12419686   2097152.00
      96.511     1.000000     12419686   2330168.89
      96.575     1.000000     12419689   2621440.00
      96.575     1.000000     12419689   2995931.43
      96.575     1.000000     12419689   3495253.33
      96.575     1.000000     12419689   4194304.00
      96.575     1.000000     12419689   4660337.78
      96.575     1.000000     12419689   5242880.00
      96.575     1.000000     12419689   5991862.86
      96.703     1.000000     12419691   6990506.67
      96.703     1.000000     12419691          inf
#[Mean    =        1.590, StdDeviation   =        3.051]
#[Max     =       96.640, Total count    =     12419691]
#[Buckets =           27, SubBuckets     =         2048]
----------------------------------------------------------
  14960179 requests in 1.00m, 17.74GB read
Requests/sec: 249334.64
Transfer/sec:    302.70MB
