Running 1m test @ http://192.168.100.100:8080/exp1-1k.txt
  4 threads and 256 connections
  Thread calibration: mean lat.: 1.743ms, rate sampling interval: 10ms
  Thread calibration: mean lat.: 2.234ms, rate sampling interval: 10ms
  Thread calibration: mean lat.: 1.677ms, rate sampling interval: 10ms
  Thread calibration: mean lat.: 1.745ms, rate sampling interval: 10ms
  Thread Stats   Avg      Stdev     Max   +/- Stdev
    Latency     1.54ms    2.79ms  97.66ms   98.80%
    Req/Sec    65.99k     5.05k   86.56k    72.45%
  Latency Distribution (HdrHistogram - Recorded Latency)
 50.000%    1.24ms
 75.000%    1.75ms
 90.000%    2.32ms
 99.000%    5.59ms
 99.900%   42.56ms
 99.990%   93.18ms
 99.999%   96.51ms
100.000%   97.73ms

  Detailed Percentile spectrum:
       Value   Percentile   TotalCount 1/(1-Percentile)

       0.053     0.000000            1         1.00
       0.636     0.100000      1245909         1.11
       0.783     0.200000      2490673         1.25
       0.921     0.300000      3732272         1.43
       1.076     0.400000      4972814         1.67
       1.244     0.500000      6211135         2.00
       1.333     0.550000      6837727         2.22
       1.424     0.600000      7454894         2.50
       1.522     0.650000      8075235         2.86
       1.628     0.700000      8694863         3.33
       1.749     0.750000      9318888         4.00
       1.818     0.775000      9627544         4.44
       1.896     0.800000      9935921         5.00
       1.985     0.825000     10247296         5.71
       2.085     0.850000     10561688         6.67
       2.195     0.875000     10871527         8.00
       2.255     0.887500     11027071         8.89
       2.317     0.900000     11177977        10.00
       2.387     0.912500     11335482        11.43
       2.463     0.925000     11489232        13.33
       2.551     0.937500     11644995        16.00
       2.601     0.943750     11722746        17.78
       2.655     0.950000     11798951        20.00
       2.719     0.956250     11878079        22.86
       2.793     0.962500     11955255        26.67
       2.883     0.968750     12032043        32.00
       2.937     0.971875     12070641        35.56
       3.001     0.975000     12109601        40.00
       3.081     0.978125     12148529        45.71
       3.189     0.981250     12187207        53.33
       3.371     0.984375     12225513        64.00
       3.563     0.985938     12244969        71.11
       4.107     0.987500     12264367        80.00
       4.971     0.989062     12283813        91.43
       5.975     0.990625     12303163       106.67
       7.411     0.992188     12322543       128.00
       8.607     0.992969     12332266       142.22
      10.127     0.993750     12341973       160.00
      12.703     0.994531     12351647       182.86
      15.327     0.995313     12361373       213.33
      17.359     0.996094     12371170       256.00
      18.047     0.996484     12375951       284.44
      19.679     0.996875     12380790       320.00
      21.871     0.997266     12385609       365.71
      24.495     0.997656     12390469       426.67
      27.439     0.998047     12395330       512.00
      28.943     0.998242     12397740       568.89
      30.879     0.998437     12400170       640.00
      33.919     0.998633     12402597       731.43
      38.751     0.998828     12405022       853.33
      43.647     0.999023     12407441      1024.00
      49.535     0.999121     12408658      1137.78
      55.167     0.999219     12409875      1280.00
      60.895     0.999316     12411077      1462.86
      65.983     0.999414     12412300      1706.67
      71.231     0.999512     12413524      2048.00
      73.983     0.999561     12414116      2275.56
      76.863     0.999609     12414715      2560.00
      79.615     0.999658     12415329      2925.71
      82.175     0.999707     12415933      3413.33
      84.927     0.999756     12416544      4096.00
      86.655     0.999780     12416841      4551.11
      88.255     0.999805     12417144      5120.00
      89.599     0.999829     12417448      5851.43
      91.007     0.999854     12417747      6826.67
      92.287     0.999878     12418060      8192.00
      92.799     0.999890     12418202      9102.22
      93.247     0.999902     12418360     10240.00
      93.695     0.999915     12418521     11702.86
      94.143     0.999927     12418674     13653.33
      94.591     0.999939     12418823     16384.00
      94.783     0.999945     12418899     18204.44
      94.975     0.999951     12418976     20480.00
      95.231     0.999957     12419043     23405.71
      95.423     0.999963     12419116     27306.67
      95.679     0.999969     12419192     32768.00
      95.807     0.999973     12419241     36408.89
      95.935     0.999976     12419279     40960.00
      96.063     0.999979     12419313     46811.43
      96.127     0.999982     12419339     54613.33
      96.255     0.999985     12419383     65536.00
      96.319     0.999986     12419399     72817.78
      96.383     0.999988     12419416     81920.00
      96.511     0.999989     12419448     93622.86
      96.575     0.999991     12419460    109226.67
      96.703     0.999992     12419485    131072.00
      96.703     0.999993     12419485    145635.56
      96.767     0.999994     12419497    163840.00
      96.831     0.999995     12419506    187245.71
      96.895     0.999995     12419519    218453.33
      96.895     0.999996     12419519    262144.00
      96.959     0.999997     12419526    291271.11
      97.023     0.999997     12419533    327680.00
      97.023     0.999997     12419533    374491.43
      97.087     0.999998     12419541    436906.67
      97.151     0.999998     12419548    524288.00
      97.151     0.999998     12419548    582542.22
      97.151     0.999998     12419548    655360.00
      97.215     0.999999     12419557    748982.86
      97.215     0.999999     12419557    873813.33
      97.215     0.999999     12419557   1048576.00
      97.215     0.999999     12419557   1165084.44
      97.215     0.999999     12419557   1310720.00
      97.343     0.999999     12419558   1497965.71
      97.407     0.999999     12419560   1747626.67
      97.535     1.000000     12419563   2097152.00
      97.535     1.000000     12419563   2330168.89
      97.535     1.000000     12419563   2621440.00
      97.535     1.000000     12419563   2995931.43
      97.535     1.000000     12419563   3495253.33
      97.599     1.000000     12419564   4194304.00
      97.599     1.000000     12419564   4660337.78
      97.599     1.000000     12419564   5242880.00
      97.599     1.000000     12419564   5991862.86
      97.663     1.000000     12419565   6990506.67
      97.663     1.000000     12419565   8388608.00
      97.663     1.000000     12419565   9320675.55
      97.663     1.000000     12419565  10485760.00
      97.663     1.000000     12419565  11983725.71
      97.727     1.000000     12419566  13981013.34
      97.727     1.000000     12419566          inf
#[Mean    =        1.543, StdDeviation   =        2.785]
#[Max     =       97.664, Total count    =     12419566]
#[Buckets =           27, SubBuckets     =         2048]
----------------------------------------------------------
  14907319 requests in 1.00m, 17.67GB read
Requests/sec: 248459.33
Transfer/sec:    301.64MB
