Running 1m test @ http://192.168.100.100:8080/exp1-1k.txt
  4 threads and 256 connections
  Thread calibration: mean lat.: 1.451ms, rate sampling interval: 10ms
  Thread calibration: mean lat.: 1.413ms, rate sampling interval: 10ms
  Thread calibration: mean lat.: 1.449ms, rate sampling interval: 10ms
  Thread calibration: mean lat.: 1.824ms, rate sampling interval: 10ms
  Thread Stats   Avg      Stdev     Max   +/- Stdev
    Latency     1.47ms  642.88us   9.69ms   65.98%
    Req/Sec    13.17k     1.13k   21.33k    82.04%
  Latency Distribution (HdrHistogram - Recorded Latency)
 50.000%    1.40ms
 75.000%    1.90ms
 90.000%    2.35ms
 99.000%    3.11ms
 99.900%    3.76ms
 99.990%    6.34ms
 99.999%    8.69ms
100.000%    9.69ms

  Detailed Percentile spectrum:
       Value   Percentile   TotalCount 1/(1-Percentile)

       0.137     0.000000            1         1.00
       0.681     0.100000       249073         1.11
       0.885     0.200000       497636         1.25
       1.062     0.300000       746354         1.43
       1.230     0.400000       994038         1.67
       1.402     0.500000      1243309         2.00
       1.491     0.550000      1366342         2.22
       1.586     0.600000      1491396         2.50
       1.684     0.650000      1614985         2.86
       1.790     0.700000      1739161         3.33
       1.905     0.750000      1863022         4.00
       1.968     0.775000      1925910         4.44
       2.033     0.800000      1987750         5.00
       2.103     0.825000      2050234         5.71
       2.177     0.850000      2111866         6.67
       2.259     0.875000      2173965         8.00
       2.303     0.887500      2204568         8.89
       2.351     0.900000      2235781        10.00
       2.403     0.912500      2266957        11.43
       2.461     0.925000      2298673        13.33
       2.525     0.937500      2329437        16.00
       2.561     0.943750      2345028        17.78
       2.599     0.950000      2359922        20.00
       2.643     0.956250      2375488        22.86
       2.693     0.962500      2391181        26.67
       2.751     0.968750      2406579        32.00
       2.783     0.971875      2414131        35.56
       2.821     0.975000      2421910        40.00
       2.865     0.978125      2429982        45.71
       2.913     0.981250      2437549        53.33
       2.971     0.984375      2445284        64.00
       3.001     0.985938      2449045        71.11
       3.037     0.987500      2452993        80.00
       3.077     0.989062      2456797        91.43
       3.125     0.990625      2460738       106.67
       3.179     0.992188      2464668       128.00
       3.209     0.992969      2466580       142.22
       3.243     0.993750      2468485       160.00
       3.281     0.994531      2470420       182.86
       3.325     0.995313      2472356       213.33
       3.375     0.996094      2474245       256.00
       3.403     0.996484      2475225       284.44
       3.435     0.996875      2476224       320.00
       3.473     0.997266      2477188       365.71
       3.515     0.997656      2478159       426.67
       3.563     0.998047      2479093       512.00
       3.593     0.998242      2479578       568.89
       3.629     0.998437      2480069       640.00
       3.667     0.998633      2480565       731.43
       3.709     0.998828      2481041       853.33
       3.763     0.999023      2481522      1024.00
       3.793     0.999121      2481764      1137.78
       3.831     0.999219      2482006      1280.00
       3.885     0.999316      2482256      1462.86
       3.961     0.999414      2482495      1706.67
       4.045     0.999512      2482737      2048.00
       4.099     0.999561      2482851      2275.56
       4.163     0.999609      2482972      2560.00
       4.303     0.999658      2483094      2925.71
       4.543     0.999707      2483215      3413.33
       4.783     0.999756      2483336      4096.00
       4.915     0.999780      2483399      4551.11
       5.035     0.999805      2483457      5120.00
       5.203     0.999829      2483518      5851.43
       5.375     0.999854      2483580      6826.67
       5.723     0.999878      2483639      8192.00
       6.147     0.999890      2483670      9102.22
       6.359     0.999902      2483700     10240.00
       6.575     0.999915      2483732     11702.86
       6.843     0.999927      2483761     13653.33
       7.167     0.999939      2483793     16384.00
       7.351     0.999945      2483806     18204.44
       7.583     0.999951      2483821     20480.00
       7.727     0.999957      2483836     23405.71
       7.931     0.999963      2483852     27306.67
       8.083     0.999969      2483868     32768.00
       8.115     0.999973      2483874     36408.89
       8.187     0.999976      2483882     40960.00
       8.231     0.999979      2483889     46811.43
       8.279     0.999982      2483897     54613.33
       8.431     0.999985      2483905     65536.00
       8.455     0.999986      2483908     72817.78
       8.503     0.999988      2483913     81920.00
       8.575     0.999989      2483916     93622.86
       8.735     0.999991      2483921    109226.67
       8.847     0.999992      2483924    131072.00
       8.975     0.999993      2483925    145635.56
       9.031     0.999994      2483927    163840.00
       9.047     0.999995      2483929    187245.71
       9.111     0.999995      2483931    218453.33
       9.223     0.999996      2483933    262144.00
       9.231     0.999997      2483934    291271.11
       9.359     0.999997      2483935    327680.00
       9.383     0.999997      2483936    374491.43
       9.447     0.999998      2483938    436906.67
       9.447     0.999998      2483938    524288.00
       9.447     0.999998      2483938    582542.22
       9.511     0.999998      2483939    655360.00
       9.511     0.999999      2483939    748982.86
       9.527     0.999999      2483940    873813.33
       9.527     0.999999      2483940   1048576.00
       9.527     0.999999      2483940   1165084.44
       9.591     0.999999      2483941   1310720.00
       9.591     0.999999      2483941   1497965.71
       9.591     0.999999      2483941   1747626.67
       9.591     1.000000      2483941   2097152.00
       9.591     1.000000      2483941   2330168.89
       9.695     1.000000      2483942   2621440.00
       9.695     1.000000      2483942          inf
#[Mean    =        1.471, StdDeviation   =        0.643]
#[Max     =        9.688, Total count    =      2483942]
#[Buckets =           27, SubBuckets     =         2048]
----------------------------------------------------------
  2981568 requests in 1.00m, 3.53GB read
Requests/sec:  49692.47
Transfer/sec:     60.33MB
