Running 1m test @ http://192.168.100.100:8080/exp1-1k.txt
  4 threads and 256 connections
  Thread calibration: mean lat.: 1.471ms, rate sampling interval: 10ms
  Thread calibration: mean lat.: 1.579ms, rate sampling interval: 10ms
  Thread calibration: mean lat.: 1.462ms, rate sampling interval: 10ms
  Thread calibration: mean lat.: 1.711ms, rate sampling interval: 10ms
  Thread Stats   Avg      Stdev     Max   +/- Stdev
    Latency     1.56ms  613.75us   9.44ms   67.86%
    Req/Sec    13.16k     1.16k   20.56k    81.49%
  Latency Distribution (HdrHistogram - Recorded Latency)
 50.000%    1.50ms
 75.000%    1.95ms
 90.000%    2.38ms
 99.000%    3.17ms
 99.900%    3.88ms
 99.990%    5.94ms
 99.999%    7.92ms
100.000%    9.45ms

  Detailed Percentile spectrum:
       Value   Percentile   TotalCount 1/(1-Percentile)

       0.155     0.000000            1         1.00
       0.802     0.100000       248490         1.11
       1.020     0.200000       497846         1.25
       1.191     0.300000       746364         1.43
       1.343     0.400000       993795         1.67
       1.496     0.500000      1242480         2.00
       1.576     0.550000      1366347         2.22
       1.660     0.600000      1491004         2.50
       1.748     0.650000      1615018         2.86
       1.843     0.700000      1739312         3.33
       1.947     0.750000      1863202         4.00
       2.004     0.775000      1925542         4.44
       2.065     0.800000      1987845         5.00
       2.131     0.825000      2049275         5.71
       2.207     0.850000      2112921         6.67
       2.289     0.875000      2174408         8.00
       2.335     0.887500      2205719         8.89
       2.383     0.900000      2235904        10.00
       2.437     0.912500      2267434        11.43
       2.495     0.925000      2297980        13.33
       2.561     0.937500      2328759        16.00
       2.599     0.943750      2344472        17.78
       2.639     0.950000      2359778        20.00
       2.685     0.956250      2375610        22.86
       2.737     0.962500      2391052        26.67
       2.797     0.968750      2406510        32.00
       2.833     0.971875      2414339        35.56
       2.873     0.975000      2422112        40.00
       2.917     0.978125      2429746        45.71
       2.969     0.981250      2437619        53.33
       3.029     0.984375      2445240        64.00
       3.063     0.985938      2449138        71.11
       3.101     0.987500      2453052        80.00
       3.143     0.989062      2456841        91.43
       3.191     0.990625      2460645       106.67
       3.249     0.992188      2464547       128.00
       3.283     0.992969      2466533       142.22
       3.321     0.993750      2468486       160.00
       3.361     0.994531      2470357       182.86
       3.409     0.995313      2472292       213.33
       3.467     0.996094      2474285       256.00
       3.495     0.996484      2475195       284.44
       3.531     0.996875      2476174       320.00
       3.573     0.997266      2477180       365.71
       3.617     0.997656      2478117       426.67
       3.671     0.998047      2479082       512.00
       3.703     0.998242      2479562       568.89
       3.741     0.998437      2480058       640.00
       3.783     0.998633      2480536       731.43
       3.829     0.998828      2481012       853.33
       3.891     0.999023      2481506      1024.00
       3.925     0.999121      2481739      1137.78
       3.965     0.999219      2481982      1280.00
       4.015     0.999316      2482225      1462.86
       4.079     0.999414      2482468      1706.67
       4.155     0.999512      2482716      2048.00
       4.207     0.999561      2482832      2275.56
       4.255     0.999609      2482953      2560.00
       4.331     0.999658      2483073      2925.71
       4.439     0.999707      2483195      3413.33
       4.639     0.999756      2483315      4096.00
       4.871     0.999780      2483378      4551.11
       5.087     0.999805      2483436      5120.00
       5.331     0.999829      2483497      5851.43
       5.567     0.999854      2483559      6826.67
       5.747     0.999878      2483619      8192.00
       5.863     0.999890      2483650      9102.22
       5.975     0.999902      2483679     10240.00
       6.155     0.999915      2483709     11702.86
       6.275     0.999927      2483742     13653.33
       6.471     0.999939      2483770     16384.00
       6.591     0.999945      2483785     18204.44
       6.731     0.999951      2483800     20480.00
       6.867     0.999957      2483815     23405.71
       6.987     0.999963      2483832     27306.67
       7.175     0.999969      2483846     32768.00
       7.271     0.999973      2483853     36408.89
       7.315     0.999976      2483862     40960.00
       7.415     0.999979      2483868     46811.43
       7.511     0.999982      2483876     54613.33
       7.639     0.999985      2483884     65536.00
       7.675     0.999986      2483887     72817.78
       7.863     0.999988      2483891     81920.00
       7.907     0.999989      2483895     93622.86
       7.951     0.999991      2483899    109226.67
       8.023     0.999992      2483903    131072.00
       8.067     0.999993      2483904    145635.56
       8.087     0.999994      2483907    163840.00
       8.111     0.999995      2483908    187245.71
       8.239     0.999995      2483911    218453.33
       8.271     0.999996      2483912    262144.00
       8.335     0.999997      2483913    291271.11
       8.367     0.999997      2483914    327680.00
       8.503     0.999997      2483915    374491.43
       8.519     0.999998      2483916    436906.67
       8.679     0.999998      2483917    524288.00
       8.679     0.999998      2483917    582542.22
       8.695     0.999998      2483918    655360.00
       8.695     0.999999      2483918    748982.86
       9.119     0.999999      2483919    873813.33
       9.119     0.999999      2483919   1048576.00
       9.119     0.999999      2483919   1165084.44
       9.143     0.999999      2483920   1310720.00
       9.143     0.999999      2483920   1497965.71
       9.143     0.999999      2483920   1747626.67
       9.143     1.000000      2483920   2097152.00
       9.143     1.000000      2483920   2330168.89
       9.447     1.000000      2483921   2621440.00
       9.447     1.000000      2483921          inf
#[Mean    =        1.556, StdDeviation   =        0.614]
#[Max     =        9.440, Total count    =      2483921]
#[Buckets =           27, SubBuckets     =         2048]
----------------------------------------------------------
  2970992 requests in 1.00m, 3.52GB read
Requests/sec:  49516.38
Transfer/sec:     60.11MB
