Running 1m test @ http://192.168.100.100:8080/exp1-1k.txt
  4 threads and 256 connections
  Thread calibration: mean lat.: 2.286ms, rate sampling interval: 10ms
  Thread calibration: mean lat.: 2.178ms, rate sampling interval: 10ms
  Thread calibration: mean lat.: 2.229ms, rate sampling interval: 10ms
  Thread calibration: mean lat.: 2.248ms, rate sampling interval: 10ms
  Thread Stats   Avg      Stdev     Max   +/- Stdev
    Latency     2.24ms  756.26us  14.56ms   70.58%
    Req/Sec    13.16k     1.48k   25.78k    80.05%
  Latency Distribution (HdrHistogram - Recorded Latency)
 50.000%    2.23ms
 75.000%    2.70ms
 90.000%    3.21ms
 99.000%    4.09ms
 99.900%    5.04ms
 99.990%    9.11ms
 99.999%   11.77ms
100.000%   14.57ms

  Detailed Percentile spectrum:
       Value   Percentile   TotalCount 1/(1-Percentile)

       0.208     0.000000            1         1.00
       1.289     0.100000       248558         1.11
       1.650     0.200000       497017         1.25
       1.876     0.300000       745850         1.43
       2.063     0.400000       995606         1.67
       2.229     0.500000      1242555         2.00
       2.311     0.550000      1367050         2.22
       2.397     0.600000      1493043         2.50
       2.485     0.650000      1614816         2.86
       2.585     0.700000      1740310         3.33
       2.697     0.750000      1864109         4.00
       2.759     0.775000      1925234         4.44
       2.829     0.800000      1987648         5.00
       2.907     0.825000      2049760         5.71
       2.995     0.850000      2111929         6.67
       3.095     0.875000      2173788         8.00
       3.151     0.887500      2204870         8.89
       3.211     0.900000      2236156        10.00
       3.277     0.912500      2267279        11.43
       3.349     0.925000      2298359        13.33
       3.427     0.937500      2328958        16.00
       3.471     0.943750      2344455        17.78
       3.519     0.950000      2360280        20.00
       3.569     0.956250      2375187        22.86
       3.627     0.962500      2390876        26.67
       3.693     0.968750      2406411        32.00
       3.731     0.971875      2414277        35.56
       3.771     0.975000      2421746        40.00
       3.819     0.978125      2429613        45.71
       3.873     0.981250      2437409        53.33
       3.937     0.984375      2445191        64.00
       3.973     0.985938      2448978        71.11
       4.013     0.987500      2452821        80.00
       4.059     0.989062      2456745        91.43
       4.115     0.990625      2460800       106.67
       4.175     0.992188      2464465       128.00
       4.211     0.992969      2466401       142.22
       4.251     0.993750      2468306       160.00
       4.299     0.994531      2470378       182.86
       4.355     0.995313      2472285       213.33
       4.419     0.996094      2474198       256.00
       4.455     0.996484      2475111       284.44
       4.499     0.996875      2476106       320.00
       4.547     0.997266      2477048       365.71
       4.611     0.997656      2478044       426.67
       4.679     0.998047      2478974       512.00
       4.723     0.998242      2479464       568.89
       4.779     0.998437      2479985       640.00
       4.839     0.998633      2480451       731.43
       4.931     0.998828      2480930       853.33
       5.055     0.999023      2481399      1024.00
       5.147     0.999121      2481644      1137.78
       5.299     0.999219      2481886      1280.00
       5.515     0.999316      2482130      1462.86
       5.727     0.999414      2482370      1706.67
       5.987     0.999512      2482612      2048.00
       6.151     0.999561      2482734      2275.56
       6.279     0.999609      2482854      2560.00
       6.491     0.999658      2482977      2925.71
       6.723     0.999707      2483097      3413.33
       7.011     0.999756      2483219      4096.00
       7.191     0.999780      2483279      4551.11
       7.443     0.999805      2483339      5120.00
       7.855     0.999829      2483401      5851.43
       8.207     0.999854      2483463      6826.67
       8.559     0.999878      2483521      8192.00
       8.911     0.999890      2483552      9102.22
       9.151     0.999902      2483582     10240.00
       9.391     0.999915      2483612     11702.86
       9.567     0.999927      2483643     13653.33
       9.751     0.999939      2483674     16384.00
       9.839     0.999945      2483688     18204.44
       9.943     0.999951      2483703     20480.00
      10.199     0.999957      2483718     23405.71
      10.423     0.999963      2483734     27306.67
      10.599     0.999969      2483749     32768.00
      10.703     0.999973      2483756     36408.89
      10.823     0.999976      2483764     40960.00
      10.895     0.999979      2483772     46811.43
      11.031     0.999982      2483779     54613.33
      11.255     0.999985      2483787     65536.00
      11.335     0.999986      2483790     72817.78
      11.639     0.999988      2483794     81920.00
      11.735     0.999989      2483798     93622.86
      12.087     0.999991      2483802    109226.67
      12.855     0.999992      2483806    131072.00
      13.071     0.999993      2483807    145635.56
      13.239     0.999994      2483809    163840.00
      13.479     0.999995      2483811    187245.71
      13.871     0.999995      2483813    218453.33
      14.023     0.999996      2483815    262144.00
      14.143     0.999997      2483816    291271.11
      14.223     0.999997      2483817    327680.00
      14.247     0.999997      2483818    374491.43
      14.391     0.999998      2483821    436906.67
      14.391     0.999998      2483821    524288.00
      14.391     0.999998      2483821    582542.22
      14.391     0.999998      2483821    655360.00
      14.391     0.999999      2483821    748982.86
      14.455     0.999999      2483823    873813.33
      14.455     0.999999      2483823   1048576.00
      14.455     0.999999      2483823   1165084.44
      14.455     0.999999      2483823   1310720.00
      14.455     0.999999      2483823   1497965.71
      14.455     0.999999      2483823   1747626.67
      14.455     1.000000      2483823   2097152.00
      14.455     1.000000      2483823   2330168.89
      14.567     1.000000      2483824   2621440.00
      14.567     1.000000      2483824          inf
#[Mean    =        2.243, StdDeviation   =        0.756]
#[Max     =       14.560, Total count    =      2483824]
#[Buckets =           27, SubBuckets     =         2048]
----------------------------------------------------------
  2949604 requests in 1.00m, 3.50GB read
Requests/sec:  49160.28
Transfer/sec:     59.68MB
