Running 1m test @ http://192.168.100.100:8080/exp1-1k.txt
  4 threads and 256 connections
  Thread calibration: mean lat.: 1.371ms, rate sampling interval: 10ms
  Thread calibration: mean lat.: 1.365ms, rate sampling interval: 10ms
  Thread calibration: mean lat.: 1.374ms, rate sampling interval: 10ms
  Thread calibration: mean lat.: 1.407ms, rate sampling interval: 10ms
  Thread Stats   Avg      Stdev     Max   +/- Stdev
    Latency     1.31ms  571.02us   4.39ms   64.71%
    Req/Sec    13.17k     0.86k   17.11k    71.87%
  Latency Distribution (HdrHistogram - Recorded Latency)
 50.000%    1.24ms
 75.000%    1.71ms
 90.000%    2.11ms
 99.000%    2.70ms
 99.900%    3.20ms
 99.990%    3.62ms
 99.999%    4.01ms
100.000%    4.39ms

  Detailed Percentile spectrum:
       Value   Percentile   TotalCount 1/(1-Percentile)

       0.134     0.000000            1         1.00
       0.600     0.100000       249234         1.11
       0.774     0.200000       496885         1.25
       0.930     0.300000       745663         1.43
       1.084     0.400000       993660         1.67
       1.244     0.500000      1242106         2.00
       1.329     0.550000      1367175         2.22
       1.417     0.600000      1490770         2.50
       1.510     0.650000      1615033         2.86
       1.608     0.700000      1739513         3.33
       1.711     0.750000      1863139         4.00
       1.766     0.775000      1925761         4.44
       1.823     0.800000      1987425         5.00
       1.885     0.825000      2050217         5.71
       1.951     0.850000      2112100         6.67
       2.023     0.875000      2173712         8.00
       2.063     0.887500      2205421         8.89
       2.105     0.900000      2236060        10.00
       2.151     0.912500      2267462        11.43
       2.201     0.925000      2298859        13.33
       2.255     0.937500      2329340        16.00
       2.285     0.943750      2344827        17.78
       2.317     0.950000      2360073        20.00
       2.353     0.956250      2375705        22.86
       2.391     0.962500      2390831        26.67
       2.437     0.968750      2406503        32.00
       2.463     0.971875      2414394        35.56
       2.491     0.975000      2422108        40.00
       2.523     0.978125      2429918        45.71
       2.559     0.981250      2437640        53.33
       2.601     0.984375      2445336        64.00
       2.625     0.985938      2449150        71.11
       2.651     0.987500      2452919        80.00
       2.681     0.989062      2456881        91.43
       2.715     0.990625      2460849       106.67
       2.755     0.992188      2464613       128.00
       2.779     0.992969      2466595       142.22
       2.805     0.993750      2468534       160.00
       2.833     0.994531      2470388       182.86
       2.869     0.995313      2472372       213.33
       2.909     0.996094      2474276       256.00
       2.933     0.996484      2475260       284.44
       2.959     0.996875      2476205       320.00
       2.989     0.997266      2477184       365.71
       3.023     0.997656      2478186       426.67
       3.061     0.998047      2479131       512.00
       3.085     0.998242      2479647       568.89
       3.111     0.998437      2480114       640.00
       3.139     0.998633      2480575       731.43
       3.173     0.998828      2481059       853.33
       3.209     0.999023      2481546      1024.00
       3.231     0.999121      2481808      1137.78
       3.253     0.999219      2482032      1280.00
       3.281     0.999316      2482274      1462.86
       3.313     0.999414      2482525      1706.67
       3.349     0.999512      2482767      2048.00
       3.367     0.999561      2482883      2275.56
       3.389     0.999609      2483000      2560.00
       3.415     0.999658      2483121      2925.71
       3.445     0.999707      2483246      3413.33
       3.475     0.999756      2483361      4096.00
       3.493     0.999780      2483426      4551.11
       3.515     0.999805      2483486      5120.00
       3.539     0.999829      2483543      5851.43
       3.565     0.999854      2483605      6826.67
       3.593     0.999878      2483664      8192.00
       3.611     0.999890      2483695      9102.22
       3.631     0.999902      2483725     10240.00
       3.645     0.999915      2483755     11702.86
       3.667     0.999927      2483786     13653.33
       3.705     0.999939      2483816     16384.00
       3.725     0.999945      2483834     18204.44
       3.739     0.999951      2483847     20480.00
       3.749     0.999957      2483862     23405.71
       3.771     0.999963      2483880     27306.67
       3.793     0.999969      2483892     32768.00
       3.801     0.999973      2483899     36408.89
       3.821     0.999976      2483909     40960.00
       3.841     0.999979      2483914     46811.43
       3.885     0.999982      2483922     54613.33
       3.939     0.999985      2483930     65536.00
       3.957     0.999986      2483934     72817.78
       3.971     0.999988      2483937     81920.00
       3.991     0.999989      2483941     93622.86
       4.051     0.999991      2483946    109226.67
       4.083     0.999992      2483949    131072.00
       4.103     0.999993      2483950    145635.56
       4.119     0.999994      2483952    163840.00
       4.143     0.999995      2483954    187245.71
       4.159     0.999995      2483956    218453.33
       4.171     0.999996      2483959    262144.00
       4.171     0.999997      2483959    291271.11
       4.179     0.999997      2483961    327680.00
       4.179     0.999997      2483961    374491.43
       4.231     0.999998      2483962    436906.67
       4.251     0.999998      2483963    524288.00
       4.251     0.999998      2483963    582542.22
       4.271     0.999998      2483964    655360.00
       4.271     0.999999      2483964    748982.86
       4.279     0.999999      2483965    873813.33
       4.279     0.999999      2483965   1048576.00
       4.279     0.999999      2483965   1165084.44
       4.283     0.999999      2483966   1310720.00
       4.283     0.999999      2483966   1497965.71
       4.283     0.999999      2483966   1747626.67
       4.283     1.000000      2483966   2097152.00
       4.283     1.000000      2483966   2330168.89
       4.395     1.000000      2483967   2621440.00
       4.395     1.000000      2483967          inf
#[Mean    =        1.308, StdDeviation   =        0.571]
#[Max     =        4.392, Total count    =      2483967]
#[Buckets =           27, SubBuckets     =         2048]
----------------------------------------------------------
  2992144 requests in 1.00m, 3.55GB read
Requests/sec:  49868.95
Transfer/sec:     60.54MB
