Running 1m test @ http://192.168.100.100:8080/exp1-1k.txt
  4 threads and 256 connections
  Thread calibration: mean lat.: 1.579ms, rate sampling interval: 10ms
  Thread calibration: mean lat.: 2.031ms, rate sampling interval: 10ms
  Thread calibration: mean lat.: 2.069ms, rate sampling interval: 10ms
  Thread calibration: mean lat.: 1.985ms, rate sampling interval: 10ms
  Thread Stats   Avg      Stdev     Max   +/- Stdev
    Latency     1.95ms  717.56us  11.86ms   67.38%
    Req/Sec    13.15k     1.25k   20.11k    80.62%
  Latency Distribution (HdrHistogram - Recorded Latency)
 50.000%    1.96ms
 75.000%    2.42ms
 90.000%    2.86ms
 99.000%    3.60ms
 99.900%    4.35ms
 99.990%    8.03ms
 99.999%   10.34ms
100.000%   11.87ms

  Detailed Percentile spectrum:
       Value   Percentile   TotalCount 1/(1-Percentile)

       0.173     0.000000            1         1.00
       0.959     0.100000       248653         1.11
       1.323     0.200000       497482         1.25
       1.583     0.300000       745373         1.43
       1.782     0.400000       994309         1.67
       1.958     0.500000      1242478         2.00
       2.044     0.550000      1367076         2.22
       2.131     0.600000      1491569         2.50
       2.221     0.650000      1615526         2.86
       2.317     0.700000      1739385         3.33
       2.423     0.750000      1864410         4.00
       2.481     0.775000      1926676         4.44
       2.543     0.800000      1988998         5.00
       2.609     0.825000      2050091         5.71
       2.683     0.850000      2112621         6.67
       2.765     0.875000      2174757         8.00
       2.809     0.887500      2205222         8.89
       2.857     0.900000      2236035        10.00
       2.911     0.912500      2267572        11.43
       2.969     0.925000      2297895        13.33
       3.037     0.937500      2329365        16.00
       3.073     0.943750      2344220        17.78
       3.115     0.950000      2360320        20.00
       3.159     0.956250      2375687        22.86
       3.209     0.962500      2390816        26.67
       3.269     0.968750      2406680        32.00
       3.301     0.971875      2414302        35.56
       3.337     0.975000      2422126        40.00
       3.377     0.978125      2429830        45.71
       3.421     0.981250      2437440        53.33
       3.473     0.984375      2445301        64.00
       3.501     0.985938      2449010        71.11
       3.535     0.987500      2452945        80.00
       3.573     0.989062      2456821        91.43
       3.617     0.990625      2460775       106.67
       3.665     0.992188      2464562       128.00
       3.695     0.992969      2466527       142.22
       3.729     0.993750      2468474       160.00
       3.765     0.994531      2470405       182.86
       3.807     0.995313      2472298       213.33
       3.859     0.996094      2474271       256.00
       3.887     0.996484      2475189       284.44
       3.923     0.996875      2476184       320.00
       3.963     0.997266      2477135       365.71
       4.011     0.997656      2478109       426.67
       4.073     0.998047      2479069       512.00
       4.115     0.998242      2479594       568.89
       4.155     0.998437      2480068       640.00
       4.203     0.998633      2480530       731.43
       4.267     0.998828      2481032       853.33
       4.359     0.999023      2481502      1024.00
       4.419     0.999121      2481750      1137.78
       4.503     0.999219      2481981      1280.00
       4.627     0.999316      2482224      1462.86
       4.775     0.999414      2482472      1706.67
       5.007     0.999512      2482709      2048.00
       5.167     0.999561      2482828      2275.56
       5.323     0.999609      2482950      2560.00
       5.551     0.999658      2483072      2925.71
       5.843     0.999707      2483192      3413.33
       6.167     0.999756      2483313      4096.00
       6.391     0.999780      2483374      4551.11
       6.639     0.999805      2483434      5120.00
       6.955     0.999829      2483495      5851.43
       7.303     0.999854      2483556      6826.67
       7.651     0.999878      2483616      8192.00
       7.855     0.999890      2483647      9102.22
       8.059     0.999902      2483677     10240.00
       8.271     0.999915      2483708     11702.86
       8.431     0.999927      2483740     13653.33
       8.679     0.999939      2483770     16384.00
       8.767     0.999945      2483783     18204.44
       8.935     0.999951      2483798     20480.00
       9.063     0.999957      2483813     23405.71
       9.167     0.999963      2483829     27306.67
       9.359     0.999969      2483844     32768.00
       9.431     0.999973      2483851     36408.89
       9.551     0.999976      2483859     40960.00
       9.615     0.999979      2483866     46811.43
       9.719     0.999982      2483877     54613.33
       9.943     0.999985      2483882     65536.00
      10.175     0.999986      2483885     72817.78
      10.255     0.999988      2483889     81920.00
      10.279     0.999989      2483893     93622.86
      10.511     0.999991      2483897    109226.67
      10.807     0.999992      2483902    131072.00
      10.807     0.999993      2483902    145635.56
      10.847     0.999994      2483904    163840.00
      10.919     0.999995      2483906    187245.71
      10.959     0.999995      2483908    218453.33
      10.999     0.999996      2483910    262144.00
      11.055     0.999997      2483911    291271.11
      11.103     0.999997      2483912    327680.00
      11.223     0.999997      2483913    374491.43
      11.375     0.999998      2483914    436906.67
      11.511     0.999998      2483915    524288.00
      11.511     0.999998      2483915    582542.22
      11.567     0.999998      2483916    655360.00
      11.567     0.999999      2483916    748982.86
      11.599     0.999999      2483917    873813.33
      11.599     0.999999      2483917   1048576.00
      11.599     0.999999      2483917   1165084.44
      11.607     0.999999      2483918   1310720.00
      11.607     0.999999      2483918   1497965.71
      11.607     0.999999      2483918   1747626.67
      11.607     1.000000      2483918   2097152.00
      11.607     1.000000      2483918   2330168.89
      11.871     1.000000      2483919   2621440.00
      11.871     1.000000      2483919          inf
#[Mean    =        1.947, StdDeviation   =        0.718]
#[Max     =       11.864, Total count    =      2483919]
#[Buckets =           27, SubBuckets     =         2048]
----------------------------------------------------------
  2960335 requests in 1.00m, 3.51GB read
Requests/sec:  49337.93
Transfer/sec:     59.90MB
