Running 1m test @ http://192.168.100.100:8080/exp1-1k.txt
  4 threads and 256 connections
  Thread calibration: mean lat.: 1540.310ms, rate sampling interval: 5648ms
  Thread calibration: mean lat.: 1521.016ms, rate sampling interval: 5603ms
  Thread calibration: mean lat.: 1604.321ms, rate sampling interval: 5779ms
  Thread calibration: mean lat.: 1545.107ms, rate sampling interval: 5607ms
  Thread Stats   Avg      Stdev     Max   +/- Stdev
    Latency    10.98s     4.52s   19.71s    57.76%
    Req/Sec    68.51k     0.90k   70.25k    65.62%
  Latency Distribution (HdrHistogram - Recorded Latency)
 50.000%   10.99s 
 75.000%   14.90s 
 90.000%   17.24s 
 99.000%   18.73s 
 99.900%   19.15s 
 99.990%   19.51s 
 99.999%   19.69s 
100.000%   19.73s 

  Detailed Percentile spectrum:
       Value   Percentile   TotalCount 1/(1-Percentile)

    2899.967     0.000000            6         1.00
    4718.591     0.100000      1363556         1.11
    6279.167     0.200000      2722219         1.25
    7847.935     0.300000      4084142         1.43
    9420.799     0.400000      5450808         1.67
   10993.663     0.500000      6810953         2.00
   11771.903     0.550000      7491804         2.22
   12541.951     0.600000      8166816         2.50
   13320.191     0.650000      8848257         2.86
   14098.431     0.700000      9527103         3.33
   14901.247     0.750000     10208662         4.00
   15302.655     0.775000     10554048         4.44
   15687.679     0.800000     10892180         5.00
   16080.895     0.825000     11231524         5.71
   16465.919     0.850000     11570135         6.67
   16859.135     0.875000     11918913         8.00
   17039.359     0.887500     12078674         8.89
   17235.967     0.900000     12248880        10.00
   17432.575     0.912500     12421704        11.43
   17629.183     0.925000     12592747        13.33
   17825.791     0.937500     12763689        16.00
   17924.095     0.943750     12849562        17.78
   18022.399     0.950000     12935604        20.00
   18120.703     0.956250     13020424        22.86
   18219.007     0.962500     13104584        26.67
   18317.311     0.968750     13187648        32.00
   18366.463     0.971875     13228023        35.56
   18431.999     0.975000     13280126        40.00
   18481.151     0.978125     13317157        45.71
   18546.687     0.981250     13365346        53.33
   18595.839     0.984375     13399889        64.00
   18628.607     0.985938     13421773        71.11
   18661.375     0.987500     13442244        80.00
   18694.143     0.989062     13462211        91.43
   18743.295     0.990625     13489568       106.67
   18776.063     0.992188     13505889       128.00
   18808.831     0.992969     13520688       142.22
   18825.215     0.993750     13527321       160.00
   18857.983     0.994531     13540261       182.86
   18874.367     0.995313     13545925       213.33
   18923.519     0.996094     13560246       256.00
   18939.903     0.996484     13564536       284.44
   18956.287     0.996875     13568486       320.00
   18989.055     0.997266     13575366       365.71
   19005.439     0.997656     13578341       426.67
   19038.207     0.998047     13583126       512.00
   19070.975     0.998242     13587534       568.89
   19087.359     0.998437     13589668       640.00
   19103.743     0.998633     13591536       731.43
   19136.511     0.998828     13594554       853.33
   19169.279     0.999023     13597094      1024.00
   19185.663     0.999121     13598264      1137.78
   19202.047     0.999219     13599312      1280.00
   19218.431     0.999316     13600198      1462.86
   19251.199     0.999414     13601906      1706.67
   19283.967     0.999512     13603343      2048.00
   19283.967     0.999561     13603343      2275.56
   19316.735     0.999609     13604328      2560.00
   19333.119     0.999658     13604767      2925.71
   19365.887     0.999707     13605659      3413.33
   19382.271     0.999756     13605984      4096.00
   19398.655     0.999780     13606319      4551.11
   19431.423     0.999805     13606841      5120.00
   19447.807     0.999829     13607125      5851.43
   19464.191     0.999854     13607408      6826.67
   19496.959     0.999878     13607764      8192.00
   19513.343     0.999890     13607994      9102.22
   19513.343     0.999902     13607994     10240.00
   19529.727     0.999915     13608228     11702.86
   19546.111     0.999927     13608454     13653.33
   19562.495     0.999939     13608650     16384.00
   19562.495     0.999945     13608650     18204.44
   19562.495     0.999951     13608650     20480.00
   19578.879     0.999957     13608786     23405.71
   19595.263     0.999963     13608862     27306.67
   19611.647     0.999969     13608918     32768.00
   19611.647     0.999973     13608918     36408.89
   19628.031     0.999976     13608961     40960.00
   19644.415     0.999979     13609005     46811.43
   19660.799     0.999982     13609064     54613.33
   19677.183     0.999985     13609134     65536.00
   19677.183     0.999986     13609134     72817.78
   19677.183     0.999988     13609134     81920.00
   19693.567     0.999989     13609201     93622.86
   19693.567     0.999991     13609201    109226.67
   19693.567     0.999992     13609201    131072.00
   19693.567     0.999993     13609201    145635.56
   19709.951     0.999994     13609277    163840.00
   19709.951     0.999995     13609277    187245.71
   19709.951     0.999995     13609277    218453.33
   19709.951     0.999996     13609277    262144.00
   19709.951     0.999997     13609277    291271.11
   19709.951     0.999997     13609277    327680.00
   19709.951     0.999997     13609277    374491.43
   19709.951     0.999998     13609277    436906.67
   19709.951     0.999998     13609277    524288.00
   19709.951     0.999998     13609277    582542.22
   19709.951     0.999998     13609277    655360.00
   19709.951     0.999999     13609277    748982.86
   19709.951     0.999999     13609277    873813.33
   19709.951     0.999999     13609277   1048576.00
   19709.951     0.999999     13609277   1165084.44
   19726.335     0.999999     13609288   1310720.00
   19726.335     1.000000     13609288          inf
#[Mean    =    10978.975, StdDeviation   =     4524.024]
#[Max     =    19709.952, Total count    =     13609288]
#[Buckets =           27, SubBuckets     =         2048]
----------------------------------------------------------
  16413940 requests in 1.00m, 19.46GB read
Requests/sec: 273567.09
Transfer/sec:    332.12MB
