Running 1m test @ http://192.168.100.100:8080/exp1-1k.txt
  4 threads and 256 connections
  Thread calibration: mean lat.: 1597.291ms, rate sampling interval: 5734ms
  Thread calibration: mean lat.: 1600.067ms, rate sampling interval: 5816ms
  Thread calibration: mean lat.: 1501.430ms, rate sampling interval: 5566ms
  Thread calibration: mean lat.: 1554.415ms, rate sampling interval: 5627ms
  Thread Stats   Avg      Stdev     Max   +/- Stdev
    Latency    11.02s     4.54s   19.60s    57.74%
    Req/Sec    68.44k   619.66    69.56k    75.00%
  Latency Distribution (HdrHistogram - Recorded Latency)
 50.000%   11.03s 
 75.000%   14.97s 
 90.000%   17.30s 
 99.000%   18.76s 
 99.900%   19.20s 
 99.990%   19.38s 
 99.999%   19.55s 
100.000%   19.61s 

  Detailed Percentile spectrum:
       Value   Percentile   TotalCount 1/(1-Percentile)

    2871.295     0.000000           23         1.00
    4747.263     0.100000      1360911         1.11
    6316.031     0.200000      2723215         1.25
    7876.607     0.300000      4080802         1.43
    9453.567     0.400000      5446887         1.67
   11034.623     0.500000      6804416         2.00
   11804.671     0.550000      7481333         2.22
   12599.295     0.600000      8165702         2.50
   13393.919     0.650000      8844317         2.86
   14188.543     0.700000      9521619         3.33
   14974.975     0.750000     10208167         4.00
   15359.999     0.775000     10546220         4.44
   15745.023     0.800000     10887550         5.00
   16130.047     0.825000     11225452         5.71
   16515.071     0.850000     11564489         6.67
   16908.287     0.875000     11909979         8.00
   17104.895     0.887500     12083672         8.89
   17301.503     0.900000     12255980        10.00
   17498.111     0.912500     12423693        11.43
   17694.719     0.925000     12591347        13.33
   17874.943     0.937500     12752149        16.00
   17973.247     0.943750     12839203        17.78
   18071.551     0.950000     12926207        20.00
   18169.855     0.956250     13011236        22.86
   18268.159     0.962500     13095963        26.67
   18366.463     0.968750     13179312        32.00
   18415.615     0.971875     13220299        35.56
   18481.151     0.975000     13274159        40.00
   18530.303     0.978125     13313079        45.71
   18579.455     0.981250     13350415        53.33
   18644.991     0.984375     13397469        64.00
   18677.759     0.985938     13419125        71.11
   18710.527     0.987500     13439019        80.00
   18743.295     0.989062     13457317        91.43
   18776.063     0.990625     13474453       106.67
   18825.215     0.992188     13497519       128.00
   18857.983     0.992969     13511402       142.22
   18874.367     0.993750     13517889       160.00
   18907.135     0.994531     13529076       182.86
   18939.903     0.995313     13539192       213.33
   18989.055     0.996094     13552299       256.00
   19005.439     0.996484     13556250       284.44
   19021.823     0.996875     13559906       320.00
   19054.591     0.997266     13566587       365.71
   19087.359     0.997656     13572519       426.67
   19103.743     0.998047     13575281       512.00
   19120.127     0.998242     13577860       568.89
   19152.895     0.998437     13582759       640.00
   19169.279     0.998633     13584973       731.43
   19185.663     0.998828     13586950       853.33
   19202.047     0.999023     13588821      1024.00
   19218.431     0.999121     13590542      1137.78
   19234.815     0.999219     13592099      1280.00
   19251.199     0.999316     13593549      1462.86
   19267.583     0.999414     13594860      1706.67
   19283.967     0.999512     13596055      2048.00
   19283.967     0.999561     13596055      2275.56
   19300.351     0.999609     13597136      2560.00
   19300.351     0.999658     13597136      2925.71
   19316.735     0.999707     13598153      3413.33
   19333.119     0.999756     13598973      4096.00
   19333.119     0.999780     13598973      4551.11
   19349.503     0.999805     13599585      5120.00
   19349.503     0.999829     13599585      5851.43
   19365.887     0.999854     13600006      6826.67
   19365.887     0.999878     13600006      8192.00
   19382.271     0.999890     13600327      9102.22
   19382.271     0.999902     13600327     10240.00
   19398.655     0.999915     13600525     11702.86
   19415.039     0.999927     13600706     13653.33
   19431.423     0.999939     13600886     16384.00
   19447.807     0.999945     13601050     18204.44
   19447.807     0.999951     13601050     20480.00
   19464.191     0.999957     13601185     23405.71
   19464.191     0.999963     13601185     27306.67
   19480.575     0.999969     13601303     32768.00
   19480.575     0.999973     13601303     36408.89
   19496.959     0.999976     13601410     40960.00
   19496.959     0.999979     13601410     46811.43
   19496.959     0.999982     13601410     54613.33
   19513.343     0.999985     13601463     65536.00
   19529.727     0.999986     13601503     72817.78
   19529.727     0.999988     13601503     81920.00
   19546.111     0.999989     13601541     93622.86
   19546.111     0.999991     13601541    109226.67
   19562.495     0.999992     13601577    131072.00
   19562.495     0.999993     13601577    145635.56
   19562.495     0.999994     13601577    163840.00
   19578.879     0.999995     13601611    187245.71
   19578.879     0.999995     13601611    218453.33
   19578.879     0.999996     13601611    262144.00
   19578.879     0.999997     13601611    291271.11
   19595.263     0.999997     13601648    327680.00
   19595.263     0.999997     13601648    374491.43
   19595.263     0.999998     13601648    436906.67
   19595.263     0.999998     13601648    524288.00
   19595.263     0.999998     13601648    582542.22
   19595.263     0.999998     13601648    655360.00
   19595.263     0.999999     13601648    748982.86
   19595.263     0.999999     13601648    873813.33
   19595.263     0.999999     13601648   1048576.00
   19595.263     0.999999     13601648   1165084.44
   19595.263     0.999999     13601648   1310720.00
   19595.263     0.999999     13601648   1497965.71
   19595.263     0.999999     13601648   1747626.67
   19595.263     1.000000     13601648   2097152.00
   19611.647     1.000000     13601654   2330168.89
   19611.647     1.000000     13601654          inf
#[Mean    =    11024.400, StdDeviation   =     4536.360]
#[Max     =    19595.264, Total count    =     13601654]
#[Buckets =           27, SubBuckets     =         2048]
----------------------------------------------------------
  16400238 requests in 1.00m, 19.44GB read
Requests/sec: 273339.20
Transfer/sec:    331.84MB
