Running 1m test @ http://192.168.100.100:8080/exp1-1k.txt
  4 threads and 256 connections
  Thread calibration: mean lat.: 1584.250ms, rate sampling interval: 5791ms
  Thread calibration: mean lat.: 1615.733ms, rate sampling interval: 5836ms
  Thread calibration: mean lat.: 1535.613ms, rate sampling interval: 5668ms
  Thread calibration: mean lat.: 1599.392ms, rate sampling interval: 5816ms
  Thread Stats   Avg      Stdev     Max   +/- Stdev
    Latency    11.14s     4.59s   20.00s    57.86%
    Req/Sec    68.05k   770.29    69.45k    68.75%
  Latency Distribution (HdrHistogram - Recorded Latency)
 50.000%   11.14s 
 75.000%   15.11s 
 90.000%   17.50s 
 99.000%   19.01s 
 99.900%   19.45s 
 99.990%   19.76s 
 99.999%   19.97s 
100.000%   20.02s 

  Detailed Percentile spectrum:
       Value   Percentile   TotalCount 1/(1-Percentile)

    2953.215     0.000000            9         1.00
    4792.319     0.100000      1353257         1.11
    6377.471     0.200000      2708316         1.25
    7966.719     0.300000      4058774         1.43
    9551.871     0.400000      5415175         1.67
   11141.119     0.500000      6764870         2.00
   11927.551     0.550000      7439808         2.22
   12730.367     0.600000      8117057         2.50
   13524.991     0.650000      8792749         2.86
   14319.615     0.700000      9468123         3.33
   15106.047     0.750000     10145894         4.00
   15507.455     0.775000     10487910         4.44
   15900.671     0.800000     10821631         5.00
   16302.079     0.825000     11160333         5.71
   16695.295     0.850000     11497840         6.67
   17104.895     0.875000     11845623         8.00
   17301.503     0.887500     12011757         8.89
   17498.111     0.900000     12174614        10.00
   17694.719     0.912500     12341493        11.43
   17907.711     0.925000     12521515        13.33
   18104.319     0.937500     12686875        16.00
   18202.623     0.943750     12770264        17.78
   18300.927     0.950000     12855409        20.00
   18399.231     0.956250     12941707        22.86
   18497.535     0.962500     13027599        26.67
   18595.839     0.968750     13110516        32.00
   18644.991     0.971875     13150522        35.56
   18694.143     0.975000     13188856        40.00
   18759.679     0.978125     13239267        45.71
   18808.831     0.981250     13275554        53.33
   18874.367     0.984375     13318952        64.00
   18907.135     0.985938     13339439        71.11
   18939.903     0.987500     13359077        80.00
   18972.671     0.989062     13377363        91.43
   19021.823     0.990625     13403220       106.67
   19070.975     0.992188     13425273       128.00
   19087.359     0.992969     13431797       142.22
   19120.127     0.993750     13444110       160.00
   19152.895     0.994531     13454999       182.86
   19185.663     0.995313     13464625       213.33
   19218.431     0.996094     13473422       256.00
   19234.815     0.996484     13477498       284.44
   19267.583     0.996875     13485375       320.00
   19283.967     0.997266     13488849       365.71
   19316.735     0.997656     13495192       426.67
   19349.503     0.998047     13500314       512.00
   19365.887     0.998242     13502598       568.89
   19382.271     0.998437     13504861       640.00
   19398.655     0.998633     13506935       731.43
   19431.423     0.998828     13510678       853.33
   19447.807     0.999023     13512229      1024.00
   19464.191     0.999121     13513596      1137.78
   19480.575     0.999219     13514988      1280.00
   19496.959     0.999316     13516164      1462.86
   19513.343     0.999414     13517179      1706.67
   19546.111     0.999512     13518846      2048.00
   19546.111     0.999561     13518846      2275.56
   19562.495     0.999609     13519518      2560.00
   19595.263     0.999658     13520571      2925.71
   19611.647     0.999707     13521099      3413.33
   19628.031     0.999756     13521570      4096.00
   19644.415     0.999780     13521887      4551.11
   19660.799     0.999805     13522208      5120.00
   19677.183     0.999829     13522486      5851.43
   19709.951     0.999854     13522982      6826.67
   19726.335     0.999878     13523189      8192.00
   19742.719     0.999890     13523354      9102.22
   19759.103     0.999902     13523503     10240.00
   19775.487     0.999915     13523660     11702.86
   19808.255     0.999927     13523921     13653.33
   19824.639     0.999939     13524039     16384.00
   19841.023     0.999945     13524151     18204.44
   19841.023     0.999951     13524151     20480.00
   19857.407     0.999957     13524242     23405.71
   19873.791     0.999963     13524343     27306.67
   19890.175     0.999969     13524445     32768.00
   19890.175     0.999973     13524445     36408.89
   19906.559     0.999976     13524509     40960.00
   19906.559     0.999979     13524509     46811.43
   19922.943     0.999982     13524550     54613.33
   19939.327     0.999985     13524593     65536.00
   19955.711     0.999986     13524641     72817.78
   19955.711     0.999988     13524641     81920.00
   19972.095     0.999989     13524687     93622.86
   19972.095     0.999991     13524687    109226.67
   19972.095     0.999992     13524687    131072.00
   19988.479     0.999993     13524723    145635.56
   19988.479     0.999994     13524723    163840.00
   19988.479     0.999995     13524723    187245.71
   20004.863     0.999995     13524760    218453.33
   20004.863     0.999996     13524760    262144.00
   20004.863     0.999997     13524760    291271.11
   20004.863     0.999997     13524760    327680.00
   20004.863     0.999997     13524760    374491.43
   20004.863     0.999998     13524760    436906.67
   20021.247     0.999998     13524787    524288.00
   20021.247     1.000000     13524787          inf
#[Mean    =    11140.411, StdDeviation   =     4588.792]
#[Max     =    20004.864, Total count    =     13524787]
#[Buckets =           27, SubBuckets     =         2048]
----------------------------------------------------------
  16303011 requests in 1.00m, 19.33GB read
Requests/sec: 271718.05
Transfer/sec:    329.87MB
