Running 1m test @ http://192.168.100.100:8080/exp1-1k.txt
  4 threads and 256 connections
  Thread calibration: mean lat.: 1394.856ms, rate sampling interval: 5455ms
  Thread calibration: mean lat.: 1353.061ms, rate sampling interval: 5431ms
  Thread calibration: mean lat.: 1391.579ms, rate sampling interval: 5255ms
  Thread calibration: mean lat.: 1445.315ms, rate sampling interval: 5246ms
  Thread Stats   Avg      Stdev     Max   +/- Stdev
    Latency    10.85s     4.53s   19.74s    57.83%
    Req/Sec    68.44k   653.33    70.05k    72.22%
  Latency Distribution (HdrHistogram - Recorded Latency)
 50.000%   10.86s 
 75.000%   14.77s 
 90.000%   17.12s 
 99.000%   18.58s 
 99.900%   19.04s 
 99.990%   19.45s 
 99.999%   19.73s 
100.000%   19.76s 

  Detailed Percentile spectrum:
       Value   Percentile   TotalCount 1/(1-Percentile)

    2752.511     0.000000           10         1.00
    4571.135     0.100000      1363271         1.11
    6143.999     0.200000      2721770         1.25
    7708.671     0.300000      4081154         1.43
    9289.727     0.400000      5445215         1.67
   10862.591     0.500000      6804796         2.00
   11649.023     0.550000      7482222         2.22
   12435.455     0.600000      8164806         2.50
   13221.887     0.650000      8843451         2.86
   13991.935     0.700000      9521697         3.33
   14770.175     0.750000     10202237         4.00
   15163.391     0.775000     10542812         4.44
   15548.415     0.800000     10882483         5.00
   15941.631     0.825000     11226592         5.71
   16326.655     0.850000     11562576         6.67
   16728.063     0.875000     11905973         8.00
   16924.671     0.887500     12079831         8.89
   17121.279     0.900000     12251695        10.00
   17317.887     0.912500     12422208        11.43
   17514.495     0.925000     12593697        13.33
   17711.103     0.937500     12761743        16.00
   17809.407     0.943750     12848347        17.78
   17907.711     0.950000     12934404        20.00
   18006.015     0.956250     13019091        22.86
   18104.319     0.962500     13104344        26.67
   18202.623     0.968750     13189368        32.00
   18251.775     0.971875     13229712        35.56
   18300.927     0.975000     13270116        40.00
   18350.079     0.978125     13310090        45.71
   18399.231     0.981250     13348603        53.33
   18464.767     0.984375     13397725        64.00
   18497.535     0.985938     13420943        71.11
   18530.303     0.987500     13441632        80.00
   18563.071     0.989062     13461326        91.43
   18595.839     0.990625     13479170       106.67
   18628.607     0.992188     13495709       128.00
   18661.375     0.992969     13509634       142.22
   18694.143     0.993750     13522370       160.00
   18710.527     0.994531     13528304       182.86
   18743.295     0.995313     13539398       213.33
   18776.063     0.996094     13548953       256.00
   18808.831     0.996484     13557351       284.44
   18825.215     0.996875     13561307       320.00
   18841.599     0.997266     13564755       365.71
   18874.367     0.997656     13570985       426.67
   18907.135     0.998047     13575764       512.00
   18939.903     0.998242     13579570       568.89
   18956.287     0.998437     13581202       640.00
   18989.055     0.998633     13584278       731.43
   19021.823     0.998828     13587029       853.33
   19054.591     0.999023     13589470      1024.00
   19070.975     0.999121     13590455      1137.78
   19087.359     0.999219     13591482      1280.00
   19103.743     0.999316     13592478      1462.86
   19136.511     0.999414     13594244      1706.67
   19169.279     0.999512     13595604      2048.00
   19185.663     0.999561     13596163      2275.56
   19202.047     0.999609     13596651      2560.00
   19218.431     0.999658     13597157      2925.71
   19251.199     0.999707     13597922      3413.33
   19283.967     0.999756     13598538      4096.00
   19300.351     0.999780     13598845      4551.11
   19333.119     0.999805     13599265      5120.00
   19365.887     0.999829     13599603      5851.43
   19382.271     0.999854     13599797      6826.67
   19415.039     0.999878     13600187      8192.00
   19431.423     0.999890     13600355      9102.22
   19447.807     0.999902     13600543     10240.00
   19480.575     0.999915     13600637     11702.86
   19513.343     0.999927     13600787     13653.33
   19562.495     0.999939     13600952     16384.00
   19595.263     0.999945     13601070     18204.44
   19611.647     0.999951     13601146     20480.00
   19628.031     0.999957     13601218     23405.71
   19644.415     0.999963     13601293     27306.67
   19660.799     0.999969     13601363     32768.00
   19677.183     0.999973     13601420     36408.89
   19693.567     0.999976     13601486     40960.00
   19693.567     0.999979     13601486     46811.43
   19709.951     0.999982     13601577     54613.33
   19709.951     0.999985     13601577     65536.00
   19726.335     0.999986     13601662     72817.78
   19726.335     0.999988     13601662     81920.00
   19726.335     0.999989     13601662     93622.86
   19726.335     0.999991     13601662    109226.67
   19742.719     0.999992     13601739    131072.00
   19742.719     0.999993     13601739    145635.56
   19742.719     0.999994     13601739    163840.00
   19742.719     0.999995     13601739    187245.71
   19742.719     0.999995     13601739    218453.33
   19742.719     0.999996     13601739    262144.00
   19742.719     0.999997     13601739    291271.11
   19742.719     0.999997     13601739    327680.00
   19742.719     0.999997     13601739    374491.43
   19742.719     0.999998     13601739    436906.67
   19759.103     0.999998     13601768    524288.00
   19759.103     1.000000     13601768          inf
#[Mean    =    10849.333, StdDeviation   =     4532.570]
#[Max     =    19742.720, Total count    =     13601768]
#[Buckets =           27, SubBuckets     =         2048]
----------------------------------------------------------
  16384150 requests in 1.00m, 19.42GB read
Requests/sec: 273069.99
Transfer/sec:    331.51MB
