Running 1m test @ http://192.168.100.100:8080/exp1-1k.txt
  4 threads and 256 connections
  Thread calibration: mean lat.: 1560.865ms, rate sampling interval: 5758ms
  Thread calibration: mean lat.: 1573.428ms, rate sampling interval: 5640ms
  Thread calibration: mean lat.: 1547.668ms, rate sampling interval: 5611ms
  Thread calibration: mean lat.: 1560.835ms, rate sampling interval: 5791ms
  Thread Stats   Avg      Stdev     Max   +/- Stdev
    Latency    11.02s     4.54s   19.64s    57.80%
    Req/Sec    68.40k   599.40    69.36k    68.75%
  Latency Distribution (HdrHistogram - Recorded Latency)
 50.000%   11.03s 
 75.000%   14.97s 
 90.000%   17.32s 
 99.000%   18.79s 
 99.900%   19.20s 
 99.990%   19.50s 
 99.999%   19.61s 
100.000%   19.66s 

  Detailed Percentile spectrum:
       Value   Percentile   TotalCount 1/(1-Percentile)

    2885.631     0.000000            2         1.00
    4734.975     0.100000      1360815         1.11
    6307.839     0.200000      2718690         1.25
    7876.607     0.300000      4077477         1.43
    9453.567     0.400000      5435880         1.67
   11026.431     0.500000      6798750         2.00
   11804.671     0.550000      7474841         2.22
   12591.103     0.600000      8157327         2.50
   13377.535     0.650000      8832489         2.86
   14172.159     0.700000      9513855         3.33
   14966.783     0.750000     10197468         4.00
   15351.807     0.775000     10535625         4.44
   15736.831     0.800000     10873936         5.00
   16138.239     0.825000     11215705         5.71
   16531.455     0.850000     11556226         6.67
   16924.671     0.875000     11902686         8.00
   17121.279     0.887500     12070870         8.89
   17317.887     0.900000     12239406        10.00
   17514.495     0.912500     12409087        11.43
   17711.103     0.925000     12580403        13.33
   17907.711     0.937500     12749639        16.00
   18006.015     0.943750     12832660        17.78
   18104.319     0.950000     12914814        20.00
   18202.623     0.956250     12999899        22.86
   18300.927     0.962500     13085472        26.67
   18399.231     0.968750     13169022        32.00
   18448.383     0.971875     13210429        35.56
   18497.535     0.975000     13251149        40.00
   18546.687     0.978125     13291233        45.71
   18612.223     0.981250     13341272        53.33
   18661.375     0.984375     13375870        64.00
   18694.143     0.985938     13397963        71.11
   18726.911     0.987500     13418874        80.00
   18776.063     0.989062     13447602        91.43
   18808.831     0.990625     13464926       106.67
   18857.983     0.992188     13489045       128.00
   18874.367     0.992969     13496365       142.22
   18890.751     0.993750     13503504       160.00
   18923.519     0.994531     13516378       182.86
   18956.287     0.995313     13527756       213.33
   18989.055     0.996094     13537737       256.00
   19005.439     0.996484     13542084       284.44
   19021.823     0.996875     13546111       320.00
   19054.591     0.997266     13553285       365.71
   19070.975     0.997656     13556551       426.67
   19103.743     0.998047     13562489       512.00
   19120.127     0.998242     13565171       568.89
   19136.511     0.998437     13567596       640.00
   19152.895     0.998633     13569842       731.43
   19185.663     0.998828     13573367       853.33
   19202.047     0.999023     13574747      1024.00
   19218.431     0.999121     13576172      1137.78
   19234.815     0.999219     13577571      1280.00
   19251.199     0.999316     13578880      1462.86
   19283.967     0.999414     13580880      1706.67
   19300.351     0.999512     13581753      2048.00
   19316.735     0.999561     13582566      2275.56
   19333.119     0.999609     13583229      2560.00
   19349.503     0.999658     13583763      2925.71
   19365.887     0.999707     13584257      3413.33
   19382.271     0.999756     13584710      4096.00
   19398.655     0.999780     13585170      4551.11
   19415.039     0.999805     13585602      5120.00
   19431.423     0.999829     13585883      5851.43
   19447.807     0.999854     13586136      6826.67
   19464.191     0.999878     13586359      8192.00
   19480.575     0.999890     13586581      9102.22
   19496.959     0.999902     13586805     10240.00
   19513.343     0.999915     13587079     11702.86
   19513.343     0.999927     13587079     13653.33
   19529.727     0.999939     13587274     16384.00
   19529.727     0.999945     13587274     18204.44
   19546.111     0.999951     13587423     20480.00
   19546.111     0.999957     13587423     23405.71
   19562.495     0.999963     13587572     27306.67
   19562.495     0.999969     13587572     32768.00
   19578.879     0.999973     13587683     36408.89
   19578.879     0.999976     13587683     40960.00
   19595.263     0.999979     13587800     46811.43
   19595.263     0.999982     13587800     54613.33
   19595.263     0.999985     13587800     65536.00
   19595.263     0.999986     13587800     72817.78
   19611.647     0.999988     13587856     81920.00
   19611.647     0.999989     13587856     93622.86
   19628.031     0.999991     13587902    109226.67
   19628.031     0.999992     13587902    131072.00
   19628.031     0.999993     13587902    145635.56
   19644.415     0.999994     13587943    163840.00
   19644.415     0.999995     13587943    187245.71
   19644.415     0.999995     13587943    218453.33
   19644.415     0.999996     13587943    262144.00
   19644.415     0.999997     13587943    291271.11
   19660.799     0.999997     13587985    327680.00
   19660.799     1.000000     13587985          inf
#[Mean    =    11023.174, StdDeviation   =     4541.671]
#[Max     =    19644.416, Total count    =     13587985]
#[Buckets =           27, SubBuckets     =         2048]
----------------------------------------------------------
  16382745 requests in 1.00m, 19.42GB read
Requests/sec: 273047.02
Transfer/sec:    331.49MB
