Running 1m test @ http://192.168.100.1:8080/exp1-1k.txt
  4 threads and 256 connections
  Thread calibration: mean lat.: 1346.363ms, rate sampling interval: 5054ms
  Thread calibration: mean lat.: 1261.738ms, rate sampling interval: 5001ms
  Thread calibration: mean lat.: 1299.336ms, rate sampling interval: 5132ms
  Thread calibration: mean lat.: 1366.052ms, rate sampling interval: 5050ms
  Thread Stats   Avg      Stdev     Max   +/- Stdev
    Latency    10.35s     4.34s   18.56s    57.77%
    Req/Sec    69.82k   745.50    71.58k    66.67%
  Latency Distribution (HdrHistogram - Recorded Latency)
 50.000%   10.36s 
 75.000%   14.11s 
 90.000%   16.35s 
 99.000%   17.76s 
 99.900%   18.19s 
 99.990%   18.42s 
 99.999%   18.55s 
100.000%   18.58s 

  Detailed Percentile spectrum:
       Value   Percentile   TotalCount 1/(1-Percentile)

    2635.775     0.000000            2         1.00
    4329.471     0.100000      1387816         1.11
    5832.703     0.200000      2778631         1.25
    7335.935     0.300000      4166549         1.43
    8855.551     0.400000      5552993         1.67
   10362.879     0.500000      6944920         2.00
   11124.735     0.550000      7636990         2.22
   11870.207     0.600000      8326803         2.50
   12632.063     0.650000      9021749         2.86
   13369.343     0.700000      9718069         3.33
   14114.815     0.750000     10414950         4.00
   14475.263     0.775000     10757170         4.44
   14852.095     0.800000     11107113         5.00
   15237.119     0.825000     11456074         5.71
   15622.143     0.850000     11801121         6.67
   15982.591     0.875000     12143616         8.00
   16171.007     0.887500     12322685         8.89
   16351.231     0.900000     12491784        10.00
   16547.839     0.912500     12665614        11.43
   16736.255     0.925000     12839599        13.33
   16924.671     0.937500     13017273        16.00
   17022.975     0.943750     13108792        17.78
   17104.895     0.950000     13186089        20.00
   17203.199     0.956250     13279822        22.86
   17285.119     0.962500     13357288        26.67
   17383.423     0.968750     13449499        32.00
   17432.575     0.971875     13493233        35.56
   17481.727     0.975000     13535559        40.00
   17530.879     0.978125     13576435        45.71
   17596.415     0.981250     13628316        53.33
   17645.567     0.984375     13665703        64.00
   17678.335     0.985938     13689214        71.11
   17711.103     0.987500     13711236        80.00
   17743.871     0.989062     13731156        91.43
   17776.639     0.990625     13749006       106.67
   17825.791     0.992188     13772481       128.00
   17858.559     0.992969     13786114       142.22
   17874.943     0.993750     13792462       160.00
   17907.711     0.994531     13804160       182.86
   17940.479     0.995313     13814692       213.33
   17973.247     0.996094     13824771       256.00
   17989.631     0.996484     13829491       284.44
   18006.015     0.996875     13834184       320.00
   18038.783     0.997266     13842498       365.71
   18055.167     0.997656     13846100       426.67
   18087.935     0.998047     13852431       512.00
   18104.319     0.998242     13855162       568.89
   18120.703     0.998437     13857611       640.00
   18137.087     0.998633     13859709       731.43
   18153.471     0.998828     13861696       853.33
   18186.239     0.999023     13865032      1024.00
   18202.623     0.999121     13866450      1137.78
   18219.007     0.999219     13867816      1280.00
   18235.391     0.999316     13869040      1462.86
   18251.775     0.999414     13870180      1706.67
   18268.159     0.999512     13871196      2048.00
   18284.543     0.999561     13872144      2275.56
   18284.543     0.999609     13872144      2560.00
   18300.927     0.999658     13873070      2925.71
   18317.311     0.999707     13873847      3413.33
   18333.695     0.999756     13874440      4096.00
   18350.079     0.999780     13874953      4551.11
   18350.079     0.999805     13874953      5120.00
   18366.463     0.999829     13875430      5851.43
   18382.847     0.999854     13875755      6826.67
   18399.231     0.999878     13876000      8192.00
   18399.231     0.999890     13876000      9102.22
   18415.615     0.999902     13876224     10240.00
   18431.999     0.999915     13876367     11702.86
   18448.383     0.999927     13876540     13653.33
   18464.767     0.999939     13876680     16384.00
   18481.151     0.999945     13876830     18204.44
   18481.151     0.999951     13876830     20480.00
   18497.535     0.999957     13876978     23405.71
   18513.919     0.999963     13877132     27306.67
   18513.919     0.999969     13877132     32768.00
   18513.919     0.999973     13877132     36408.89
   18530.303     0.999976     13877283     40960.00
   18530.303     0.999979     13877283     46811.43
   18530.303     0.999982     13877283     54613.33
   18530.303     0.999985     13877283     65536.00
   18546.687     0.999986     13877393     72817.78
   18546.687     0.999988     13877393     81920.00
   18546.687     0.999989     13877393     93622.86
   18546.687     0.999991     13877393    109226.67
   18546.687     0.999992     13877393    131072.00
   18563.071     0.999993     13877483    145635.56
   18563.071     0.999994     13877483    163840.00
   18563.071     0.999995     13877483    187245.71
   18563.071     0.999995     13877483    218453.33
   18563.071     0.999996     13877483    262144.00
   18563.071     0.999997     13877483    291271.11
   18563.071     0.999997     13877483    327680.00
   18563.071     0.999997     13877483    374491.43
   18563.071     0.999998     13877483    436906.67
   18563.071     0.999998     13877483    524288.00
   18563.071     0.999998     13877483    582542.22
   18563.071     0.999998     13877483    655360.00
   18563.071     0.999999     13877483    748982.86
   18563.071     0.999999     13877483    873813.33
   18563.071     0.999999     13877483   1048576.00
   18563.071     0.999999     13877483   1165084.44
   18563.071     0.999999     13877483   1310720.00
   18563.071     0.999999     13877483   1497965.71
   18579.455     0.999999     13877492   1747626.67
   18579.455     1.000000     13877492          inf
#[Mean    =    10351.175, StdDeviation   =     4344.899]
#[Max     =    18563.072, Total count    =     13877492]
#[Buckets =           27, SubBuckets     =         2048]
----------------------------------------------------------
  16722700 requests in 1.00m, 19.83GB read
Requests/sec: 278713.74
Transfer/sec:    338.36MB
