Running 1m test @ http://192.168.100.1:8080/exp1-1k.txt
  4 threads and 256 connections
  Thread calibration: mean lat.: 1486.033ms, rate sampling interval: 5435ms
  Thread calibration: mean lat.: 1587.873ms, rate sampling interval: 5693ms
  Thread calibration: mean lat.: 1495.275ms, rate sampling interval: 5509ms
  Thread calibration: mean lat.: 1454.471ms, rate sampling interval: 5337ms
  Thread Stats   Avg      Stdev     Max   +/- Stdev
    Latency    10.61s     4.38s   18.86s    57.75%
    Req/Sec    69.51k   669.89    70.75k    68.57%
  Latency Distribution (HdrHistogram - Recorded Latency)
 50.000%   10.60s 
 75.000%   14.41s 
 90.000%   16.70s 
 99.000%   18.14s 
 99.900%   18.53s 
 99.990%   18.73s 
 99.999%   18.84s 
100.000%   18.87s 

  Detailed Percentile spectrum:
       Value   Percentile   TotalCount 1/(1-Percentile)

    2830.335     0.000000           10         1.00
    4546.559     0.100000      1383231         1.11
    6066.175     0.200000      2764095         1.25
    7569.407     0.300000      4142938         1.43
    9084.927     0.400000      5527545         1.67
   10600.447     0.500000      6906178         2.00
   11370.495     0.550000      7601569         2.22
   12132.351     0.600000      8291349         2.50
   12886.015     0.650000      8977910         2.86
   13647.871     0.700000      9671430         3.33
   14409.727     0.750000     10361673         4.00
   14794.751     0.775000     10708185         4.44
   15163.391     0.800000     11046292         5.00
   15540.223     0.825000     11395075         5.71
   15925.247     0.850000     11738322         6.67
   16310.271     0.875000     12083418         8.00
   16506.879     0.887500     12260295         8.89
   16695.295     0.900000     12431968        10.00
   16891.903     0.912500     12612372        11.43
   17088.511     0.925000     12785954        13.33
   17268.735     0.937500     12950295        16.00
   17367.039     0.943750     13039539        17.78
   17465.343     0.950000     13128586        20.00
   17563.647     0.956250     13215897        22.86
   17661.951     0.962500     13303235        26.67
   17760.255     0.968750     13387397        32.00
   17809.407     0.971875     13428389        35.56
   17858.559     0.975000     13469660        40.00
   17907.711     0.978125     13509904        45.71
   17956.863     0.981250     13550107        53.33
   18022.399     0.984375     13600595        64.00
   18055.167     0.985938     13624244        71.11
   18071.551     0.987500     13635712        80.00
   18104.319     0.989062     13657626        91.43
   18153.471     0.990625     13687617       106.67
   18186.239     0.992188     13705264       128.00
   18202.623     0.992969     13713286       142.22
   18235.391     0.993750     13728197       160.00
   18251.775     0.994531     13735043       182.86
   18284.543     0.995313     13747385       213.33
   18317.311     0.996094     13757956       256.00
   18333.695     0.996484     13762508       284.44
   18350.079     0.996875     13766720       320.00
   18366.463     0.997266     13770408       365.71
   18399.231     0.997656     13776511       426.67
   18431.999     0.998047     13781514       512.00
   18448.383     0.998242     13783982       568.89
   18464.767     0.998437     13786213       640.00
   18497.535     0.998633     13790242       731.43
   18513.919     0.998828     13792110       853.33
   18546.687     0.999023     13795548      1024.00
   18546.687     0.999121     13795548      1137.78
   18563.071     0.999219     13797084      1280.00
   18579.455     0.999316     13798589      1462.86
   18595.839     0.999414     13799888      1706.67
   18612.223     0.999512     13801167      2048.00
   18628.607     0.999561     13802274      2275.56
   18628.607     0.999609     13802274      2560.00
   18644.991     0.999658     13803169      2925.71
   18661.375     0.999707     13803980      3413.33
   18677.759     0.999756     13804713      4096.00
   18677.759     0.999780     13804713      4551.11
   18694.143     0.999805     13805368      5120.00
   18694.143     0.999829     13805368      5851.43
   18710.527     0.999854     13805950      6826.67
   18726.911     0.999878     13806412      8192.00
   18726.911     0.999890     13806412      9102.22
   18726.911     0.999902     13806412     10240.00
   18743.295     0.999915     13806789     11702.86
   18743.295     0.999927     13806789     13653.33
   18759.679     0.999939     13806994     16384.00
   18759.679     0.999945     13806994     18204.44
   18759.679     0.999951     13806994     20480.00
   18776.063     0.999957     13807150     23405.71
   18792.447     0.999963     13807289     27306.67
   18792.447     0.999969     13807289     32768.00
   18792.447     0.999973     13807289     36408.89
   18808.831     0.999976     13807423     40960.00
   18808.831     0.999979     13807423     46811.43
   18808.831     0.999982     13807423     54613.33
   18825.215     0.999985     13807488     65536.00
   18825.215     0.999986     13807488     72817.78
   18841.599     0.999988     13807555     81920.00
   18841.599     0.999989     13807555     93622.86
   18841.599     0.999991     13807555    109226.67
   18841.599     0.999992     13807555    131072.00
   18857.983     0.999993     13807623    145635.56
   18857.983     0.999994     13807623    163840.00
   18857.983     0.999995     13807623    187245.71
   18857.983     0.999995     13807623    218453.33
   18857.983     0.999996     13807623    262144.00
   18857.983     0.999997     13807623    291271.11
   18857.983     0.999997     13807623    327680.00
   18857.983     0.999997     13807623    374491.43
   18874.367     0.999998     13807657    436906.67
   18874.367     1.000000     13807657          inf
#[Mean    =    10612.237, StdDeviation   =     4384.954]
#[Max     =    18857.984, Total count    =     13807657]
#[Buckets =           27, SubBuckets     =         2048]
----------------------------------------------------------
  16650713 requests in 1.00m, 19.74GB read
Requests/sec: 277514.27
Transfer/sec:    336.91MB
