Running 1m test @ http://192.168.100.1:8080/exp1-1k.txt
  4 threads and 256 connections
  Thread calibration: mean lat.: 1241.711ms, rate sampling interval: 4964ms
  Thread calibration: mean lat.: 1351.286ms, rate sampling interval: 5156ms
  Thread calibration: mean lat.: 1306.242ms, rate sampling interval: 5152ms
  Thread calibration: mean lat.: 1402.535ms, rate sampling interval: 5050ms
  Thread Stats   Avg      Stdev     Max   +/- Stdev
    Latency    10.39s     4.36s   18.64s    57.80%
    Req/Sec    69.67k   738.03    71.37k    72.97%
  Latency Distribution (HdrHistogram - Recorded Latency)
 50.000%   10.39s 
 75.000%   14.18s 
 90.000%   16.42s 
 99.000%   17.84s 
 99.900%   18.25s 
 99.990%   18.48s 
 99.999%   18.63s 
100.000%   18.66s 

  Detailed Percentile spectrum:
       Value   Percentile   TotalCount 1/(1-Percentile)

    2584.575     0.000000            1         1.00
    4337.663     0.100000      1386201         1.11
    5865.471     0.200000      2769572         1.25
    7360.511     0.300000      4152857         1.43
    8888.319     0.400000      5543612         1.67
   10387.455     0.500000      6928272         2.00
   11141.119     0.550000      7618715         2.22
   11894.783     0.600000      8308612         2.50
   12664.831     0.650000      9001765         2.86
   13426.687     0.700000      9690677         3.33
   14180.351     0.750000     10388362         4.00
   14557.183     0.775000     10734392         4.44
   14934.015     0.800000     11076880         5.00
   15302.655     0.825000     11420477         5.71
   15679.487     0.850000     11772001         6.67
   16048.127     0.875000     12117037         8.00
   16236.543     0.887500     12290746         8.89
   16416.767     0.900000     12458009        10.00
   16605.183     0.912500     12630861        11.43
   16809.983     0.925000     12817010        13.33
   16990.207     0.937500     12988012        16.00
   17088.511     0.943750     13077129        17.78
   17170.431     0.950000     13150497        20.00
   17268.735     0.956250     13240185        22.86
   17367.039     0.962500     13328144        26.67
   17465.343     0.968750     13417251        32.00
   17514.495     0.971875     13460971        35.56
   17563.647     0.975000     13503778        40.00
   17612.799     0.978125     13544950        45.71
   17661.951     0.981250     13583957        53.33
   17727.487     0.984375     13635996        64.00
   17743.871     0.985938     13648166        71.11
   17776.639     0.987500     13670463        80.00
   17809.407     0.989062     13690877        91.43
   17858.559     0.990625     13718822       106.67
   17891.327     0.992188     13735719       128.00
   17924.095     0.992969     13750939       142.22
   17940.479     0.993750     13758103       160.00
   17973.247     0.994531     13770366       182.86
   18006.015     0.995313     13781140       213.33
   18038.783     0.996094     13790596       256.00
   18055.167     0.996484     13794738       284.44
   18071.551     0.996875     13798753       320.00
   18104.319     0.997266     13806029       365.71
   18137.087     0.997656     13812158       426.67
   18153.471     0.998047     13815011       512.00
   18169.855     0.998242     13817665       568.89
   18202.623     0.998437     13822608       640.00
   18219.007     0.998633     13824867       731.43
   18235.391     0.998828     13826888       853.33
   18251.775     0.999023     13828683      1024.00
   18268.159     0.999121     13830312      1137.78
   18284.543     0.999219     13831852      1280.00
   18300.927     0.999316     13833176      1462.86
   18317.311     0.999414     13834381      1706.67
   18333.695     0.999512     13835484      2048.00
   18350.079     0.999561     13836470      2275.56
   18350.079     0.999609     13836470      2560.00
   18366.463     0.999658     13837328      2925.71
   18382.847     0.999707     13838127      3413.33
   18399.231     0.999756     13838802      4096.00
   18415.615     0.999780     13839359      4551.11
   18415.615     0.999805     13839359      5120.00
   18431.999     0.999829     13839753      5851.43
   18448.383     0.999854     13840085      6826.67
   18464.767     0.999878     13840308      8192.00
   18481.151     0.999890     13840510      9102.22
   18497.535     0.999902     13840717     10240.00
   18497.535     0.999915     13840717     11702.86
   18513.919     0.999927     13840924     13653.33
   18530.303     0.999939     13841088     16384.00
   18546.687     0.999945     13841229     18204.44
   18546.687     0.999951     13841229     20480.00
   18563.071     0.999957     13841369     23405.71
   18563.071     0.999963     13841369     27306.67
   18579.455     0.999969     13841525     32768.00
   18579.455     0.999973     13841525     36408.89
   18595.839     0.999976     13841602     40960.00
   18595.839     0.999979     13841602     46811.43
   18612.223     0.999982     13841671     54613.33
   18612.223     0.999985     13841671     65536.00
   18628.607     0.999986     13841743     72817.78
   18628.607     0.999988     13841743     81920.00
   18628.607     0.999989     13841743     93622.86
   18644.991     0.999991     13841818    109226.67
   18644.991     0.999992     13841818    131072.00
   18644.991     0.999993     13841818    145635.56
   18644.991     0.999994     13841818    163840.00
   18644.991     0.999995     13841818    187245.71
   18644.991     0.999995     13841818    218453.33
   18661.375     0.999996     13841872    262144.00
   18661.375     1.000000     13841872          inf
#[Mean    =    10387.946, StdDeviation   =     4363.696]
#[Max     =    18644.992, Total count    =     13841872]
#[Buckets =           27, SubBuckets     =         2048]
----------------------------------------------------------
  16682652 requests in 1.00m, 19.78GB read
Requests/sec: 278046.05
Transfer/sec:    337.55MB
