Running 1m test @ http://192.168.100.1:8080/exp1-1k.txt
  4 threads and 256 connections
  Thread calibration: mean lat.: 1615.089ms, rate sampling interval: 5771ms
  Thread calibration: mean lat.: 1466.767ms, rate sampling interval: 5251ms
  Thread calibration: mean lat.: 1490.404ms, rate sampling interval: 5492ms
  Thread calibration: mean lat.: 1476.651ms, rate sampling interval: 5521ms
  Thread Stats   Avg      Stdev     Max   +/- Stdev
    Latency    10.63s     4.36s   18.87s    57.81%
    Req/Sec    69.67k   839.77    71.41k    64.71%
  Latency Distribution (HdrHistogram - Recorded Latency)
 50.000%   10.63s 
 75.000%   14.41s 
 90.000%   16.65s 
 99.000%   18.07s 
 99.900%   18.43s 
 99.990%   18.64s 
 99.999%   18.86s 
100.000%   18.89s 

  Detailed Percentile spectrum:
       Value   Percentile   TotalCount 1/(1-Percentile)

    2811.903     0.000000            7         1.00
    4587.519     0.100000      1384944         1.11
    6098.943     0.200000      2769288         1.25
    7614.463     0.300000      4153390         1.43
    9117.695     0.400000      5539161         1.67
   10633.215     0.500000      6918492         2.00
   11378.687     0.550000      7610688         2.22
   12140.543     0.600000      8303021         2.50
   12902.399     0.650000      8992557         2.86
   13664.255     0.700000      9685827         3.33
   14409.727     0.750000     10379568         4.00
   14786.559     0.775000     10727446         4.44
   15155.199     0.800000     11068456         5.00
   15532.031     0.825000     11419188         5.71
   15908.863     0.850000     11764177         6.67
   16277.503     0.875000     12104883         8.00
   16465.919     0.887500     12280770         8.89
   16654.335     0.900000     12454933        10.00
   16842.751     0.912500     12627115        11.43
   17039.359     0.925000     12808214        13.33
   17219.583     0.937500     12975321        16.00
   17317.887     0.943750     13065483        17.78
   17416.191     0.950000     13153807        20.00
   17514.495     0.956250     13241557        22.86
   17596.415     0.962500     13316226        26.67
   17694.719     0.968750     13405510        32.00
   17743.871     0.971875     13448755        35.56
   17793.023     0.975000     13490523        40.00
   17842.175     0.978125     13530938        45.71
   17907.711     0.981250     13582904        53.33
   17956.863     0.984375     13620447        64.00
   17989.631     0.985938     13644785        71.11
   18022.399     0.987500     13667793        80.00
   18055.167     0.989062     13689336        91.43
   18087.935     0.990625     13709284       106.67
   18120.703     0.992188     13727663       128.00
   18137.087     0.992969     13736258       142.22
   18169.855     0.993750     13752016       160.00
   18186.239     0.994531     13759028       182.86
   18219.007     0.995313     13771923       213.33
   18251.775     0.996094     13783097       256.00
   18268.159     0.996484     13788090       284.44
   18284.543     0.996875     13792868       320.00
   18300.927     0.997266     13797219       365.71
   18317.311     0.997656     13801105       426.67
   18350.079     0.998047     13808033       512.00
   18366.463     0.998242     13811220       568.89
   18382.847     0.998437     13814146       640.00
   18399.231     0.998633     13816822       731.43
   18415.615     0.998828     13819238       853.33
   18431.999     0.999023     13821320      1024.00
   18431.999     0.999121     13821320      1137.78
   18448.383     0.999219     13823203      1280.00
   18464.767     0.999316     13824741      1462.86
   18481.151     0.999414     13826119      1706.67
   18497.535     0.999512     13827221      2048.00
   18497.535     0.999561     13827221      2275.56
   18513.919     0.999609     13828061      2560.00
   18530.303     0.999658     13828841      2925.71
   18546.687     0.999707     13829527      3413.33
   18563.071     0.999756     13830133      4096.00
   18563.071     0.999780     13830133      4551.11
   18579.455     0.999805     13830618      5120.00
   18595.839     0.999829     13830995      5851.43
   18612.223     0.999854     13831313      6826.67
   18628.607     0.999878     13831617      8192.00
   18628.607     0.999890     13831617      9102.22
   18644.991     0.999902     13831817     10240.00
   18661.375     0.999915     13831931     11702.86
   18694.143     0.999927     13832099     13653.33
   18726.911     0.999939     13832289     16384.00
   18743.295     0.999945     13832412     18204.44
   18759.679     0.999951     13832501     20480.00
   18776.063     0.999957     13832591     23405.71
   18776.063     0.999963     13832591     27306.67
   18792.447     0.999969     13832678     32768.00
   18808.831     0.999973     13832765     36408.89
   18808.831     0.999976     13832765     40960.00
   18825.215     0.999979     13832845     46811.43
   18825.215     0.999982     13832845     54613.33
   18841.599     0.999985     13832924     65536.00
   18841.599     0.999986     13832924     72817.78
   18857.983     0.999988     13832996     81920.00
   18857.983     0.999989     13832996     93622.86
   18857.983     0.999991     13832996    109226.67
   18857.983     0.999992     13832996    131072.00
   18874.367     0.999993     13833065    145635.56
   18874.367     0.999994     13833065    163840.00
   18874.367     0.999995     13833065    187245.71
   18874.367     0.999995     13833065    218453.33
   18874.367     0.999996     13833065    262144.00
   18874.367     0.999997     13833065    291271.11
   18874.367     0.999997     13833065    327680.00
   18874.367     0.999997     13833065    374491.43
   18874.367     0.999998     13833065    436906.67
   18890.751     0.999998     13833093    524288.00
   18890.751     1.000000     13833093          inf
#[Mean    =    10625.533, StdDeviation   =     4360.781]
#[Max     =    18874.368, Total count    =     13833093]
#[Buckets =           27, SubBuckets     =         2048]
----------------------------------------------------------
  16671088 requests in 1.00m, 19.76GB read
Requests/sec: 277852.58
Transfer/sec:    337.32MB
