Running 1m test @ http://192.168.100.1:8080/exp1-1k.txt
  4 threads and 256 connections
  Thread calibration: mean lat.: 1536.430ms, rate sampling interval: 5599ms
  Thread calibration: mean lat.: 1521.165ms, rate sampling interval: 5353ms
  Thread calibration: mean lat.: 1460.922ms, rate sampling interval: 5369ms
  Thread calibration: mean lat.: 1492.511ms, rate sampling interval: 5529ms
  Thread Stats   Avg      Stdev     Max   +/- Stdev
    Latency    10.49s     4.30s   18.56s    57.85%
    Req/Sec    69.99k   843.95    71.42k    58.82%
  Latency Distribution (HdrHistogram - Recorded Latency)
 50.000%   10.49s 
 75.000%   14.22s 
 90.000%   16.46s 
 99.000%   17.86s 
 99.900%   18.19s 
 99.990%   18.42s 
 99.999%   18.55s 
100.000%   18.58s 

  Detailed Percentile spectrum:
       Value   Percentile   TotalCount 1/(1-Percentile)

    2836.479     0.000000            5         1.00
    4542.463     0.100000      1393515         1.11
    6025.215     0.200000      2781543         1.25
    7503.871     0.300000      4172716         1.43
    9011.199     0.400000      5565804         1.67
   10485.759     0.500000      6953481         2.00
   11223.039     0.550000      7650182         2.22
   11968.511     0.600000      8347717         2.50
   12722.175     0.650000      9046323         2.86
   13467.647     0.700000      9738709         3.33
   14221.311     0.750000     10434171         4.00
   14589.951     0.775000     10779799         4.44
   14966.783     0.800000     11130363         5.00
   15343.615     0.825000     11479183         5.71
   15712.255     0.850000     11825596         6.67
   16089.087     0.875000     12175254         8.00
   16269.311     0.887500     12343984         8.89
   16457.727     0.900000     12520011        10.00
   16646.143     0.912500     12693438        11.43
   16842.751     0.925000     12874721        13.33
   17022.975     0.937500     13039482        16.00
   17121.279     0.943750     13126841        17.78
   17219.583     0.950000     13216252        20.00
   17317.887     0.956250     13308152        22.86
   17399.807     0.962500     13385108        26.67
   17498.111     0.968750     13477119        32.00
   17547.263     0.971875     13523253        35.56
   17596.415     0.975000     13570432        40.00
   17645.567     0.978125     13614809        45.71
   17694.719     0.981250     13656489        53.33
   17743.871     0.984375     13695442        64.00
   17776.639     0.985938     13719331        71.11
   17809.407     0.987500     13742695        80.00
   17825.791     0.989062     13754104        91.43
   17858.559     0.990625     13775984       106.67
   17907.711     0.992188     13805061       128.00
   17924.095     0.992969     13813534       142.22
   17940.479     0.993750     13821748       160.00
   17973.247     0.994531     13836430       182.86
   17989.631     0.995313     13842912       213.33
   18022.399     0.996094     13854881       256.00
   18038.783     0.996484     13860494       284.44
   18055.167     0.996875     13865602       320.00
   18071.551     0.997266     13870209       365.71
   18087.935     0.997656     13874366       426.67
   18120.703     0.998047     13881996       512.00
   18120.703     0.998242     13881996       568.89
   18137.087     0.998437     13885592       640.00
   18153.471     0.998633     13888623       731.43
   18169.855     0.998828     13890960       853.33
   18186.239     0.999023     13892818      1024.00
   18202.623     0.999121     13894542      1137.78
   18219.007     0.999219     13896245      1280.00
   18235.391     0.999316     13897803      1462.86
   18235.391     0.999414     13897803      1706.67
   18268.159     0.999512     13900031      2048.00
   18268.159     0.999561     13900031      2275.56
   18284.543     0.999609     13900943      2560.00
   18300.927     0.999658     13901676      2925.71
   18317.311     0.999707     13902267      3413.33
   18333.695     0.999756     13902737      4096.00
   18350.079     0.999780     13903159      4551.11
   18350.079     0.999805     13903159      5120.00
   18366.463     0.999829     13903534      5851.43
   18382.847     0.999854     13903918      6826.67
   18399.231     0.999878     13904229      8192.00
   18415.615     0.999890     13904496      9102.22
   18415.615     0.999902     13904496     10240.00
   18431.999     0.999915     13904752     11702.86
   18448.383     0.999927     13904962     13653.33
   18464.767     0.999939     13905141     16384.00
   18464.767     0.999945     13905141     18204.44
   18464.767     0.999951     13905141     20480.00
   18481.151     0.999957     13905268     23405.71
   18497.535     0.999963     13905395     27306.67
   18497.535     0.999969     13905395     32768.00
   18513.919     0.999973     13905546     36408.89
   18513.919     0.999976     13905546     40960.00
   18513.919     0.999979     13905546     46811.43
   18530.303     0.999982     13905629     54613.33
   18530.303     0.999985     13905629     65536.00
   18530.303     0.999986     13905629     72817.78
   18546.687     0.999988     13905696     81920.00
   18546.687     0.999989     13905696     93622.86
   18546.687     0.999991     13905696    109226.67
   18563.071     0.999992     13905765    131072.00
   18563.071     0.999993     13905765    145635.56
   18563.071     0.999994     13905765    163840.00
   18563.071     0.999995     13905765    187245.71
   18563.071     0.999995     13905765    218453.33
   18579.455     0.999996     13905819    262144.00
   18579.455     1.000000     13905819          inf
#[Mean    =    10491.970, StdDeviation   =     4303.852]
#[Max     =    18563.072, Total count    =     13905819]
#[Buckets =           27, SubBuckets     =         2048]
----------------------------------------------------------
  16752836 requests in 1.00m, 19.86GB read
Requests/sec: 279214.30
Transfer/sec:    338.97MB
