Running 1m test @ http://192.168.100.100:8080/exp1-1k.txt
  4 threads and 256 connections
  Thread calibration: mean lat.: 1.354ms, rate sampling interval: 10ms
  Thread calibration: mean lat.: 1.388ms, rate sampling interval: 10ms
  Thread calibration: mean lat.: 1.269ms, rate sampling interval: 10ms
  Thread calibration: mean lat.: 1.361ms, rate sampling interval: 10ms
  Thread Stats   Avg      Stdev     Max   +/- Stdev
    Latency     1.31ms  591.82us   5.78ms   66.83%
    Req/Sec    39.56k     2.60k   53.00k    71.13%
  Latency Distribution (HdrHistogram - Recorded Latency)
 50.000%    1.24ms
 75.000%    1.69ms
 90.000%    2.14ms
 99.000%    2.80ms
 99.900%    3.17ms
 99.990%    3.96ms
 99.999%    4.72ms
100.000%    5.79ms

  Detailed Percentile spectrum:
       Value   Percentile   TotalCount 1/(1-Percentile)

       0.060     0.000000            1         1.00
       0.582     0.100000       746229         1.11
       0.771     0.200000      1490704         1.25
       0.936     0.300000      2235552         1.43
       1.091     0.400000      2983470         1.67
       1.244     0.500000      3728673         2.00
       1.323     0.550000      4102970         2.22
       1.405     0.600000      4475066         2.50
       1.491     0.650000      4844431         2.86
       1.584     0.700000      5217196         3.33
       1.686     0.750000      5589279         4.00
       1.742     0.775000      5776718         4.44
       1.802     0.800000      5962451         5.00
       1.869     0.825000      6150087         5.71
       1.944     0.850000      6335941         6.67
       2.031     0.875000      6521180         8.00
       2.081     0.887500      6614558         8.89
       2.137     0.900000      6709178        10.00
       2.197     0.912500      6801527        11.43
       2.263     0.925000      6893402        13.33
       2.337     0.937500      6988177        16.00
       2.375     0.943750      7033782        17.78
       2.415     0.950000      7079584        20.00
       2.459     0.956250      7127706        22.86
       2.503     0.962500      7172702        26.67
       2.553     0.968750      7219333        32.00
       2.581     0.971875      7243275        35.56
       2.609     0.975000      7266131        40.00
       2.641     0.978125      7290073        45.71
       2.675     0.981250      7313288        53.33
       2.713     0.984375      7336353        64.00
       2.733     0.985938      7347156        71.11
       2.757     0.987500      7359381        80.00
       2.781     0.989062      7370630        91.43
       2.809     0.990625      7382204       106.67
       2.841     0.992188      7393608       128.00
       2.861     0.992969      7399808       142.22
       2.881     0.993750      7405523       160.00
       2.903     0.994531      7411207       182.86
       2.929     0.995313      7417154       213.33
       2.959     0.996094      7423049       256.00
       2.975     0.996484      7425852       284.44
       2.993     0.996875      7428638       320.00
       3.013     0.997266      7431572       365.71
       3.037     0.997656      7434457       426.67
       3.065     0.998047      7437384       512.00
       3.081     0.998242      7438834       568.89
       3.099     0.998437      7440197       640.00
       3.121     0.998633      7441695       731.43
       3.147     0.998828      7443145       853.33
       3.179     0.999023      7444589      1024.00
       3.197     0.999121      7445298      1137.78
       3.219     0.999219      7446020      1280.00
       3.245     0.999316      7446724      1462.86
       3.281     0.999414      7447480      1706.67
       3.329     0.999512      7448170      2048.00
       3.365     0.999561      7448533      2275.56
       3.407     0.999609      7448896      2560.00
       3.467     0.999658      7449268      2925.71
       3.537     0.999707      7449623      3413.33
       3.627     0.999756      7449992      4096.00
       3.675     0.999780      7450173      4551.11
       3.725     0.999805      7450357      5120.00
       3.773     0.999829      7450541      5851.43
       3.829     0.999854      7450718      6826.67
       3.887     0.999878      7450903      8192.00
       3.921     0.999890      7450990      9102.22
       3.971     0.999902      7451080     10240.00
       4.037     0.999915      7451173     11702.86
       4.111     0.999927      7451264     13653.33
       4.179     0.999939      7451354     16384.00
       4.215     0.999945      7451399     18204.44
       4.259     0.999951      7451445     20480.00
       4.307     0.999957      7451488     23405.71
       4.355     0.999963      7451534     27306.67
       4.411     0.999969      7451579     32768.00
       4.455     0.999973      7451609     36408.89
       4.475     0.999976      7451625     40960.00
       4.507     0.999979      7451647     46811.43
       4.555     0.999982      7451675     54613.33
       4.595     0.999985      7451694     65536.00
       4.627     0.999986      7451704     72817.78
       4.647     0.999988      7451716     81920.00
       4.707     0.999989      7451727     93622.86
       4.751     0.999991      7451739    109226.67
       4.799     0.999992      7451750    131072.00
       4.823     0.999993      7451756    145635.56
       4.847     0.999994      7451761    163840.00
       4.887     0.999995      7451768    187245.71
       4.907     0.999995      7451772    218453.33
       4.983     0.999996      7451778    262144.00
       5.035     0.999997      7451781    291271.11
       5.067     0.999997      7451784    327680.00
       5.171     0.999997      7451787    374491.43
       5.267     0.999998      7451789    436906.67
       5.343     0.999998      7451792    524288.00
       5.435     0.999998      7451794    582542.22
       5.447     0.999998      7451795    655360.00
       5.591     0.999999      7451797    748982.86
       5.631     0.999999      7451799    873813.33
       5.631     0.999999      7451799   1048576.00
       5.663     0.999999      7451800   1165084.44
       5.683     0.999999      7451801   1310720.00
       5.699     0.999999      7451802   1497965.71
       5.699     0.999999      7451802   1747626.67
       5.703     1.000000      7451803   2097152.00
       5.703     1.000000      7451803   2330168.89
       5.767     1.000000      7451804   2621440.00
       5.767     1.000000      7451804   2995931.43
       5.767     1.000000      7451804   3495253.33
       5.779     1.000000      7451805   4194304.00
       5.779     1.000000      7451805   4660337.78
       5.779     1.000000      7451805   5242880.00
       5.779     1.000000      7451805   5991862.86
       5.779     1.000000      7451805   6990506.67
       5.787     1.000000      7451806   8388608.00
       5.787     1.000000      7451806          inf
#[Mean    =        1.307, StdDeviation   =        0.592]
#[Max     =        5.784, Total count    =      7451806]
#[Buckets =           27, SubBuckets     =         2048]
----------------------------------------------------------
  8944563 requests in 1.00m, 10.60GB read
Requests/sec: 149075.93
Transfer/sec:    180.98MB
