Running 1m test @ http://192.168.100.100:8080/exp1-1k.txt
  4 threads and 256 connections
  Thread calibration: mean lat.: 1.341ms, rate sampling interval: 10ms
  Thread calibration: mean lat.: 1.341ms, rate sampling interval: 10ms
  Thread calibration: mean lat.: 1.315ms, rate sampling interval: 10ms
  Thread calibration: mean lat.: 1.283ms, rate sampling interval: 10ms
  Thread Stats   Avg      Stdev     Max   +/- Stdev
    Latency     1.30ms  587.88us   5.57ms   66.79%
    Req/Sec    39.58k     2.67k   50.89k    70.91%
  Latency Distribution (HdrHistogram - Recorded Latency)
 50.000%    1.25ms
 75.000%    1.68ms
 90.000%    2.12ms
 99.000%    2.80ms
 99.900%    3.19ms
 99.990%    3.91ms
 99.999%    4.57ms
100.000%    5.57ms

  Detailed Percentile spectrum:
       Value   Percentile   TotalCount 1/(1-Percentile)

       0.049     0.000000            1         1.00
       0.577     0.100000       748306         1.11
       0.770     0.200000      1494462         1.25
       0.937     0.300000      2238448         1.43
       1.093     0.400000      2984102         1.67
       1.246     0.500000      3727423         2.00
       1.324     0.550000      4099519         2.22
       1.405     0.600000      4474571         2.50
       1.489     0.650000      4844622         2.86
       1.580     0.700000      5217941         3.33
       1.679     0.750000      5589068         4.00
       1.734     0.775000      5777093         4.44
       1.793     0.800000      5963966         5.00
       1.857     0.825000      6148485         5.71
       1.930     0.850000      6335320         6.67
       2.014     0.875000      6521615         8.00
       2.061     0.887500      6613801         8.89
       2.115     0.900000      6708744        10.00
       2.173     0.912500      6800473        11.43
       2.239     0.925000      6893974        13.33
       2.313     0.937500      6987593        16.00
       2.353     0.943750      7034833        17.78
       2.393     0.950000      7079372        20.00
       2.439     0.956250      7127832        22.86
       2.485     0.962500      7173012        26.67
       2.537     0.968750      7219961        32.00
       2.565     0.971875      7242858        35.56
       2.595     0.975000      7265913        40.00
       2.629     0.978125      7289896        45.71
       2.665     0.981250      7313107        53.33
       2.705     0.984375      7336028        64.00
       2.727     0.985938      7347405        71.11
       2.751     0.987500      7358950        80.00
       2.779     0.989062      7371137        91.43
       2.809     0.990625      7382657       106.67
       2.843     0.992188      7394141       128.00
       2.861     0.992969      7399781       142.22
       2.881     0.993750      7405282       160.00
       2.905     0.994531      7411145       182.86
       2.933     0.995313      7417239       213.33
       2.963     0.996094      7422890       256.00
       2.981     0.996484      7425845       284.44
       3.001     0.996875      7428837       320.00
       3.021     0.997266      7431517       365.71
       3.047     0.997656      7434512       426.67
       3.077     0.998047      7437348       512.00
       3.095     0.998242      7438847       568.89
       3.115     0.998437      7440293       640.00
       3.137     0.998633      7441693       731.43
       3.163     0.998828      7443131       853.33
       3.197     0.999023      7444606      1024.00
       3.217     0.999121      7445350      1137.78
       3.239     0.999219      7446052      1280.00
       3.267     0.999316      7446755      1462.86
       3.301     0.999414      7447471      1706.67
       3.349     0.999512      7448198      2048.00
       3.379     0.999561      7448561      2275.56
       3.415     0.999609      7448942      2560.00
       3.461     0.999658      7449296      2925.71
       3.523     0.999707      7449659      3413.33
       3.593     0.999756      7450026      4096.00
       3.633     0.999780      7450211      4551.11
       3.681     0.999805      7450387      5120.00
       3.731     0.999829      7450565      5851.43
       3.787     0.999854      7450751      6826.67
       3.853     0.999878      7450928      8192.00
       3.883     0.999890      7451017      9102.22
       3.917     0.999902      7451110     10240.00
       3.957     0.999915      7451200     11702.86
       4.009     0.999927      7451292     13653.33
       4.067     0.999939      7451384     16384.00
       4.103     0.999945      7451426     18204.44
       4.155     0.999951      7451473     20480.00
       4.199     0.999957      7451517     23405.71
       4.251     0.999963      7451563     27306.67
       4.311     0.999969      7451607     32768.00
       4.351     0.999973      7451630     36408.89
       4.387     0.999976      7451653     40960.00
       4.419     0.999979      7451680     46811.43
       4.439     0.999982      7451701     54613.33
       4.479     0.999985      7451722     65536.00
       4.519     0.999986      7451733     72817.78
       4.535     0.999988      7451744     81920.00
       4.567     0.999989      7451756     93622.86
       4.587     0.999991      7451766    109226.67
       4.615     0.999992      7451778    131072.00
       4.635     0.999993      7451783    145635.56
       4.663     0.999994      7451790    163840.00
       4.707     0.999995      7451795    187245.71
       4.759     0.999995      7451800    218453.33
       4.791     0.999996      7451806    262144.00
       4.859     0.999997      7451809    291271.11
       4.879     0.999997      7451812    327680.00
       4.899     0.999997      7451815    374491.43
       4.915     0.999998      7451817    436906.67
       5.079     0.999998      7451821    524288.00
       5.115     0.999998      7451822    582542.22
       5.159     0.999998      7451823    655360.00
       5.271     0.999999      7451825    748982.86
       5.303     0.999999      7451826    873813.33
       5.319     0.999999      7451827   1048576.00
       5.331     0.999999      7451828   1165084.44
       5.367     0.999999      7451829   1310720.00
       5.371     0.999999      7451830   1497965.71
       5.371     0.999999      7451830   1747626.67
       5.387     1.000000      7451831   2097152.00
       5.387     1.000000      7451831   2330168.89
       5.455     1.000000      7451832   2621440.00
       5.455     1.000000      7451832   2995931.43
       5.455     1.000000      7451832   3495253.33
       5.495     1.000000      7451833   4194304.00
       5.495     1.000000      7451833   4660337.78
       5.495     1.000000      7451833   5242880.00
       5.495     1.000000      7451833   5991862.86
       5.495     1.000000      7451833   6990506.67
       5.575     1.000000      7451834   8388608.00
       5.575     1.000000      7451834          inf
#[Mean    =        1.302, StdDeviation   =        0.588]
#[Max     =        5.572, Total count    =      7451834]
#[Buckets =           27, SubBuckets     =         2048]
----------------------------------------------------------
  8944555 requests in 1.00m, 10.60GB read
Requests/sec: 149074.54
Transfer/sec:    180.98MB
