Running 1m test @ http://192.168.100.100:8080/exp1-1k.txt
  4 threads and 256 connections
  Thread calibration: mean lat.: 1.373ms, rate sampling interval: 10ms
  Thread calibration: mean lat.: 1.310ms, rate sampling interval: 10ms
  Thread calibration: mean lat.: 1.327ms, rate sampling interval: 10ms
  Thread calibration: mean lat.: 1.335ms, rate sampling interval: 10ms
  Thread Stats   Avg      Stdev     Max   +/- Stdev
    Latency     1.30ms  588.47us   5.49ms   66.73%
    Req/Sec    39.58k     2.65k   49.22k    71.34%
  Latency Distribution (HdrHistogram - Recorded Latency)
 50.000%    1.24ms
 75.000%    1.68ms
 90.000%    2.12ms
 99.000%    2.78ms
 99.900%    3.15ms
 99.990%    3.85ms
 99.999%    4.58ms
100.000%    5.49ms

  Detailed Percentile spectrum:
       Value   Percentile   TotalCount 1/(1-Percentile)

       0.057     0.000000            1         1.00
       0.579     0.100000       748679         1.11
       0.765     0.200000      1491193         1.25
       0.930     0.300000      2237077         1.43
       1.085     0.400000      2985066         1.67
       1.237     0.500000      3729564         2.00
       1.315     0.550000      4100288         2.22
       1.396     0.600000      4471411         2.50
       1.482     0.650000      4843878         2.86
       1.575     0.700000      5219260         3.33
       1.676     0.750000      5589706         4.00
       1.732     0.775000      5776991         4.44
       1.792     0.800000      5963027         5.00
       1.858     0.825000      6149034         5.71
       1.932     0.850000      6334307         6.67
       2.019     0.875000      6521714         8.00
       2.069     0.887500      6616635         8.89
       2.123     0.900000      6709239        10.00
       2.183     0.912500      6802236        11.43
       2.249     0.925000      6893770        13.33
       2.323     0.937500      6986489        16.00
       2.363     0.943750      7033751        17.78
       2.405     0.950000      7081133        20.00
       2.447     0.956250      7126479        22.86
       2.493     0.962500      7172737        26.67
       2.543     0.968750      7219674        32.00
       2.569     0.971875      7242204        35.56
       2.599     0.975000      7266604        40.00
       2.629     0.978125      7289498        45.71
       2.663     0.981250      7313054        53.33
       2.699     0.984375      7335567        64.00
       2.719     0.985938      7346920        71.11
       2.743     0.987500      7359505        80.00
       2.767     0.989062      7370927        91.43
       2.793     0.990625      7381988       106.67
       2.825     0.992188      7393757       128.00
       2.843     0.992969      7399643       142.22
       2.863     0.993750      7405596       160.00
       2.885     0.994531      7411426       182.86
       2.909     0.995313      7417013       213.33
       2.937     0.996094      7422676       256.00
       2.953     0.996484      7425541       284.44
       2.971     0.996875      7428417       320.00
       2.993     0.997266      7431479       365.71
       3.017     0.997656      7434443       426.67
       3.043     0.998047      7437232       512.00
       3.059     0.998242      7438675       568.89
       3.077     0.998437      7440110       640.00
       3.097     0.998633      7441501       731.43
       3.121     0.998828      7442998       853.33
       3.153     0.999023      7444473      1024.00
       3.171     0.999121      7445198      1137.78
       3.191     0.999219      7445895      1280.00
       3.215     0.999316      7446603      1462.86
       3.247     0.999414      7447312      1706.67
       3.289     0.999512      7448041      2048.00
       3.315     0.999561      7448401      2275.56
       3.355     0.999609      7448779      2560.00
       3.403     0.999658      7449130      2925.71
       3.461     0.999707      7449493      3413.33
       3.533     0.999756      7449861      4096.00
       3.577     0.999780      7450038      4551.11
       3.621     0.999805      7450220      5120.00
       3.677     0.999829      7450402      5851.43
       3.729     0.999854      7450580      6826.67
       3.789     0.999878      7450763      8192.00
       3.823     0.999890      7450857      9102.22
       3.855     0.999902      7450944     10240.00
       3.891     0.999915      7451035     11702.86
       3.933     0.999927      7451126     13653.33
       3.981     0.999939      7451219     16384.00
       4.009     0.999945      7451262     18204.44
       4.045     0.999951      7451308     20480.00
       4.083     0.999957      7451354     23405.71
       4.131     0.999963      7451399     27306.67
       4.175     0.999969      7451445     32768.00
       4.223     0.999973      7451467     36408.89
       4.263     0.999976      7451490     40960.00
       4.343     0.999979      7451514     46811.43
       4.411     0.999982      7451537     54613.33
       4.463     0.999985      7451559     65536.00
       4.487     0.999986      7451569     72817.78
       4.523     0.999988      7451581     81920.00
       4.567     0.999989      7451593     93622.86
       4.607     0.999991      7451603    109226.67
       4.639     0.999992      7451617    131072.00
       4.667     0.999993      7451620    145635.56
       4.703     0.999994      7451627    163840.00
       4.767     0.999995      7451632    187245.71
       4.795     0.999995      7451637    218453.33
       4.879     0.999996      7451644    262144.00
       4.887     0.999997      7451646    291271.11
       4.931     0.999997      7451649    327680.00
       5.011     0.999997      7451652    374491.43
       5.027     0.999998      7451654    436906.67
       5.151     0.999998      7451657    524288.00
       5.191     0.999998      7451659    582542.22
       5.211     0.999998      7451660    655360.00
       5.279     0.999999      7451662    748982.86
       5.287     0.999999      7451663    873813.33
       5.359     0.999999      7451664   1048576.00
       5.371     0.999999      7451666   1165084.44
       5.371     0.999999      7451666   1310720.00
       5.391     0.999999      7451668   1497965.71
       5.391     0.999999      7451668   1747626.67
       5.391     1.000000      7451668   2097152.00
       5.391     1.000000      7451668   2330168.89
       5.399     1.000000      7451669   2621440.00
       5.399     1.000000      7451669   2995931.43
       5.399     1.000000      7451669   3495253.33
       5.403     1.000000      7451670   4194304.00
       5.403     1.000000      7451670   4660337.78
       5.403     1.000000      7451670   5242880.00
       5.403     1.000000      7451670   5991862.86
       5.403     1.000000      7451670   6990506.67
       5.495     1.000000      7451671   8388608.00
       5.495     1.000000      7451671          inf
#[Mean    =        1.299, StdDeviation   =        0.588]
#[Max     =        5.492, Total count    =      7451671]
#[Buckets =           27, SubBuckets     =         2048]
----------------------------------------------------------
  8944466 requests in 1.00m, 10.60GB read
Requests/sec: 149073.94
Transfer/sec:    180.98MB
