Running 1m test @ http://192.168.100.100:8080/exp1-1k.txt
  4 threads and 256 connections
  Thread calibration: mean lat.: 1.316ms, rate sampling interval: 10ms
  Thread calibration: mean lat.: 1.271ms, rate sampling interval: 10ms
  Thread calibration: mean lat.: 1.337ms, rate sampling interval: 10ms
  Thread calibration: mean lat.: 1.327ms, rate sampling interval: 10ms
  Thread Stats   Avg      Stdev     Max   +/- Stdev
    Latency     1.29ms  588.37us   5.20ms   66.71%
    Req/Sec    39.62k     2.60k   49.11k    71.88%
  Latency Distribution (HdrHistogram - Recorded Latency)
 50.000%    1.23ms
 75.000%    1.67ms
 90.000%    2.12ms
 99.000%    2.77ms
 99.900%    3.12ms
 99.990%    3.86ms
 99.999%    4.57ms
100.000%    5.20ms

  Detailed Percentile spectrum:
       Value   Percentile   TotalCount 1/(1-Percentile)

       0.050     0.000000            1         1.00
       0.575     0.100000       746871         1.11
       0.760     0.200000      1493030         1.25
       0.924     0.300000      2235689         1.43
       1.079     0.400000      2981885         1.67
       1.232     0.500000      3730041         2.00
       1.310     0.550000      4100900         2.22
       1.391     0.600000      4471792         2.50
       1.477     0.650000      4844697         2.86
       1.570     0.700000      5219919         3.33
       1.671     0.750000      5589743         4.00
       1.727     0.775000      5778133         4.44
       1.786     0.800000      5961881         5.00
       1.852     0.825000      6147992         5.71
       1.927     0.850000      6336368         6.67
       2.013     0.875000      6520880         8.00
       2.063     0.887500      6614757         8.89
       2.119     0.900000      6708784        10.00
       2.181     0.912500      6801675        11.43
       2.249     0.925000      6892965        13.33
       2.325     0.937500      6986715        16.00
       2.365     0.943750      7033373        17.78
       2.407     0.950000      7080172        20.00
       2.451     0.956250      7127499        22.86
       2.495     0.962500      7173284        26.67
       2.543     0.968750      7219504        32.00
       2.569     0.971875      7242716        35.56
       2.597     0.975000      7266563        40.00
       2.627     0.978125      7290063        45.71
       2.659     0.981250      7313411        53.33
       2.693     0.984375      7335639        64.00
       2.713     0.985938      7347456        71.11
       2.735     0.987500      7359459        80.00
       2.757     0.989062      7370335        91.43
       2.785     0.990625      7382646       106.67
       2.815     0.992188      7394089       128.00
       2.831     0.992969      7399527       142.22
       2.851     0.993750      7405745       160.00
       2.871     0.994531      7411335       182.86
       2.895     0.995313      7417129       213.33
       2.923     0.996094      7422923       256.00
       2.939     0.996484      7425873       284.44
       2.955     0.996875      7428590       320.00
       2.975     0.997266      7431606       365.71
       2.997     0.997656      7434483       426.67
       3.023     0.998047      7437394       512.00
       3.037     0.998242      7438738       568.89
       3.053     0.998437      7440227       640.00
       3.073     0.998633      7441714       731.43
       3.095     0.998828      7443132       853.33
       3.121     0.999023      7444537      1024.00
       3.137     0.999121      7445278      1137.78
       3.155     0.999219      7445986      1280.00
       3.179     0.999316      7446736      1462.86
       3.207     0.999414      7447450      1706.67
       3.243     0.999512      7448174      2048.00
       3.267     0.999561      7448529      2275.56
       3.299     0.999609      7448892      2560.00
       3.339     0.999658      7449252      2925.71
       3.409     0.999707      7449616      3413.33
       3.503     0.999756      7449992      4096.00
       3.555     0.999780      7450163      4551.11
       3.611     0.999805      7450348      5120.00
       3.667     0.999829      7450534      5851.43
       3.723     0.999854      7450709      6826.67
       3.797     0.999878      7450897      8192.00
       3.827     0.999890      7450981      9102.22
       3.867     0.999902      7451072     10240.00
       3.909     0.999915      7451163     11702.86
       3.963     0.999927      7451254     13653.33
       4.021     0.999939      7451346     16384.00
       4.053     0.999945      7451393     18204.44
       4.085     0.999951      7451435     20480.00
       4.123     0.999957      7451483     23405.71
       4.179     0.999963      7451530     27306.67
       4.239     0.999969      7451573     32768.00
       4.279     0.999973      7451595     36408.89
       4.315     0.999976      7451617     40960.00
       4.359     0.999979      7451645     46811.43
       4.391     0.999982      7451663     54613.33
       4.459     0.999985      7451687     65536.00
       4.475     0.999986      7451696     72817.78
       4.503     0.999988      7451709     81920.00
       4.543     0.999989      7451719     93622.86
       4.583     0.999991      7451733    109226.67
       4.623     0.999992      7451744    131072.00
       4.627     0.999993      7451748    145635.56
       4.647     0.999994      7451753    163840.00
       4.683     0.999995      7451759    187245.71
       4.703     0.999995      7451765    218453.33
       4.719     0.999996      7451770    262144.00
       4.743     0.999997      7451774    291271.11
       4.759     0.999997      7451777    327680.00
       4.771     0.999997      7451779    374491.43
       4.779     0.999998      7451783    436906.67
       4.783     0.999998      7451784    524288.00
       4.807     0.999998      7451787    582542.22
       4.807     0.999998      7451787    655360.00
       4.819     0.999999      7451789    748982.86
       4.843     0.999999      7451790    873813.33
       4.855     0.999999      7451791   1048576.00
       4.931     0.999999      7451792   1165084.44
       5.083     0.999999      7451793   1310720.00
       5.131     0.999999      7451794   1497965.71
       5.131     0.999999      7451794   1747626.67
       5.163     1.000000      7451795   2097152.00
       5.163     1.000000      7451795   2330168.89
       5.179     1.000000      7451796   2621440.00
       5.179     1.000000      7451796   2995931.43
       5.179     1.000000      7451796   3495253.33
       5.199     1.000000      7451797   4194304.00
       5.199     1.000000      7451797   4660337.78
       5.199     1.000000      7451797   5242880.00
       5.199     1.000000      7451797   5991862.86
       5.199     1.000000      7451797   6990506.67
       5.203     1.000000      7451798   8388608.00
       5.203     1.000000      7451798          inf
#[Mean    =        1.294, StdDeviation   =        0.588]
#[Max     =        5.200, Total count    =      7451798]
#[Buckets =           27, SubBuckets     =         2048]
----------------------------------------------------------
  8976141 requests in 1.00m, 10.64GB read
Requests/sec: 149602.51
Transfer/sec:    181.62MB
