Running 1m test @ http://192.168.100.100:8080/exp1-1k.txt
  4 threads and 256 connections
  Thread calibration: mean lat.: 1.415ms, rate sampling interval: 10ms
  Thread calibration: mean lat.: 1.441ms, rate sampling interval: 10ms
  Thread calibration: mean lat.: 1.797ms, rate sampling interval: 10ms
  Thread calibration: mean lat.: 1.490ms, rate sampling interval: 10ms
  Thread Stats   Avg      Stdev     Max   +/- Stdev
    Latency     1.32ms  613.97us  11.70ms   68.23%
    Req/Sec    39.56k     2.67k   49.56k    71.49%
  Latency Distribution (HdrHistogram - Recorded Latency)
 50.000%    1.25ms
 75.000%    1.71ms
 90.000%    2.17ms
 99.000%    2.83ms
 99.900%    3.46ms
 99.990%    9.96ms
 99.999%   11.06ms
100.000%   11.71ms

  Detailed Percentile spectrum:
       Value   Percentile   TotalCount 1/(1-Percentile)

       0.058     0.000000            1         1.00
       0.596     0.100000       746441         1.11
       0.787     0.200000      1492660         1.25
       0.949     0.300000      2236591         1.43
       1.100     0.400000      2985549         1.67
       1.250     0.500000      3726123         2.00
       1.330     0.550000      4100624         2.22
       1.414     0.600000      4475260         2.50
       1.502     0.650000      4843840         2.86
       1.598     0.700000      5216929         3.33
       1.705     0.750000      5591258         4.00
       1.764     0.775000      5778029         4.44
       1.827     0.800000      5961479         5.00
       1.897     0.825000      6147935         5.71
       1.975     0.850000      6334083         6.67
       2.065     0.875000      6523454         8.00
       2.113     0.887500      6614013         8.89
       2.167     0.900000      6707067        10.00
       2.225     0.912500      6799749        11.43
       2.289     0.925000      6893484        13.33
       2.359     0.937500      6987936        16.00
       2.395     0.943750      7033091        17.78
       2.435     0.950000      7080629        20.00
       2.477     0.956250      7127522        22.86
       2.521     0.962500      7173728        26.67
       2.569     0.968750      7219532        32.00
       2.597     0.971875      7243613        35.56
       2.625     0.975000      7265984        40.00
       2.657     0.978125      7289495        45.71
       2.693     0.981250      7312962        53.33
       2.733     0.984375      7335787        64.00
       2.755     0.985938      7346953        71.11
       2.781     0.987500      7358783        80.00
       2.809     0.989062      7370331        91.43
       2.843     0.990625      7382334       106.67
       2.881     0.992188      7393884       128.00
       2.903     0.992969      7399745       142.22
       2.927     0.993750      7405369       160.00
       2.955     0.994531      7411156       182.86
       2.987     0.995313      7417024       213.33
       3.025     0.996094      7422685       256.00
       3.047     0.996484      7425503       284.44
       3.075     0.996875      7428623       320.00
       3.105     0.997266      7431408       365.71
       3.143     0.997656      7434338       426.67
       3.189     0.998047      7437146       512.00
       3.219     0.998242      7438598       568.89
       3.257     0.998437      7440070       640.00
       3.305     0.998633      7441512       731.43
       3.371     0.998828      7442982       853.33
       3.477     0.999023      7444443      1024.00
       3.547     0.999121      7445148      1137.78
       3.641     0.999219      7445876      1280.00
       3.789     0.999316      7446600      1462.86
       3.971     0.999414      7447328      1706.67
       4.339     0.999512      7448059      2048.00
       4.639     0.999561      7448420      2275.56
       5.011     0.999609      7448783      2560.00
       5.491     0.999658      7449147      2925.71
       6.679     0.999707      7449510      3413.33
       7.819     0.999756      7449873      4096.00
       8.319     0.999780      7450058      4551.11
       8.751     0.999805      7450238      5120.00
       9.103     0.999829      7450419      5851.43
       9.439     0.999854      7450602      6826.67
       9.719     0.999878      7450783      8192.00
       9.847     0.999890      7450874      9102.22
       9.967     0.999902      7450968     10240.00
      10.111     0.999915      7451060     11702.86
      10.255     0.999927      7451147     13653.33
      10.399     0.999939      7451240     16384.00
      10.463     0.999945      7451283     18204.44
      10.543     0.999951      7451330     20480.00
      10.623     0.999957      7451374     23405.71
      10.703     0.999963      7451423     27306.67
      10.791     0.999969      7451468     32768.00
      10.823     0.999973      7451489     36408.89
      10.863     0.999976      7451512     40960.00
      10.887     0.999979      7451533     46811.43
      10.927     0.999982      7451556     54613.33
      10.967     0.999985      7451580     65536.00
      10.991     0.999986      7451590     72817.78
      11.015     0.999988      7451603     81920.00
      11.039     0.999989      7451613     93622.86
      11.079     0.999991      7451625    109226.67
      11.127     0.999992      7451639    131072.00
      11.143     0.999993      7451642    145635.56
      11.183     0.999994      7451649    163840.00
      11.215     0.999995      7451654    187245.71
      11.247     0.999995      7451659    218453.33
      11.279     0.999996      7451665    262144.00
      11.287     0.999997      7451667    291271.11
      11.303     0.999997      7451670    327680.00
      11.319     0.999997      7451674    374491.43
      11.327     0.999998      7451677    436906.67
      11.335     0.999998      7451678    524288.00
      11.383     0.999998      7451680    582542.22
      11.391     0.999998      7451681    655360.00
      11.399     0.999999      7451683    748982.86
      11.431     0.999999      7451684    873813.33
      11.439     0.999999      7451685   1048576.00
      11.503     0.999999      7451686   1165084.44
      11.567     0.999999      7451687   1310720.00
      11.575     0.999999      7451688   1497965.71
      11.575     0.999999      7451688   1747626.67
      11.647     1.000000      7451689   2097152.00
      11.647     1.000000      7451689   2330168.89
      11.679     1.000000      7451690   2621440.00
      11.679     1.000000      7451690   2995931.43
      11.679     1.000000      7451690   3495253.33
      11.711     1.000000      7451692   4194304.00
      11.711     1.000000      7451692          inf
#[Mean    =        1.324, StdDeviation   =        0.614]
#[Max     =       11.704, Total count    =      7451692]
#[Buckets =           27, SubBuckets     =         2048]
----------------------------------------------------------
  8880752 requests in 1.00m, 10.53GB read
Requests/sec: 148008.71
Transfer/sec:    179.69MB
