Running 1m test @ http://192.168.100.1:8080/exp1-1k.txt
  4 threads and 256 connections
  Thread calibration: mean lat.: 1.360ms, rate sampling interval: 10ms
  Thread calibration: mean lat.: 1.365ms, rate sampling interval: 10ms
  Thread calibration: mean lat.: 1.362ms, rate sampling interval: 10ms
  Thread calibration: mean lat.: 1.758ms, rate sampling interval: 10ms
  Thread Stats   Avg      Stdev     Max   +/- Stdev
    Latency     1.36ms  611.17us   5.28ms   65.94%
    Req/Sec    52.77k     3.63k   67.00k    69.97%
  Latency Distribution (HdrHistogram - Recorded Latency)
 50.000%    1.29ms
 75.000%    1.77ms
 90.000%    2.22ms
 99.000%    2.88ms
 99.900%    3.23ms
 99.990%    3.75ms
 99.999%    4.47ms
100.000%    5.28ms

  Detailed Percentile spectrum:
       Value   Percentile   TotalCount 1/(1-Percentile)

       0.053     0.000000            1         1.00
       0.616     0.100000       997739         1.11
       0.803     0.200000      1991429         1.25
       0.968     0.300000      2982547         1.43
       1.129     0.400000      3976628         1.67
       1.293     0.500000      4970882         2.00
       1.378     0.550000      5466885         2.22
       1.467     0.600000      5965673         2.50
       1.560     0.650000      6461965         2.86
       1.661     0.700000      6958391         3.33
       1.771     0.750000      7452600         4.00
       1.831     0.775000      7703123         4.44
       1.894     0.800000      7949618         5.00
       1.963     0.825000      8197867         5.71
       2.040     0.850000      8447751         6.67
       2.125     0.875000      8694630         8.00
       2.173     0.887500      8821003         8.89
       2.223     0.900000      8944689        10.00
       2.277     0.912500      9067766        11.43
       2.337     0.925000      9192973        13.33
       2.403     0.937500      9317429        16.00
       2.439     0.943750      9379524        17.78
       2.477     0.950000      9440535        20.00
       2.519     0.956250      9502635        22.86
       2.565     0.962500      9564772        26.67
       2.615     0.968750      9625084        32.00
       2.645     0.971875      9657857        35.56
       2.675     0.975000      9688370        40.00
       2.707     0.978125      9718459        45.71
       2.745     0.981250      9750647        53.33
       2.785     0.984375      9780699        64.00
       2.809     0.985938      9796886        71.11
       2.833     0.987500      9811773        80.00
       2.861     0.989062      9827714        91.43
       2.891     0.990625      9842942       106.67
       2.925     0.992188      9858381       128.00
       2.943     0.992969      9865775       142.22
       2.963     0.993750      9873674       160.00
       2.985     0.994531      9881433       182.86
       3.009     0.995313      9889165       213.33
       3.037     0.996094      9897084       256.00
       3.053     0.996484      9900999       284.44
       3.069     0.996875      9904593       320.00
       3.089     0.997266      9908658       365.71
       3.111     0.997656      9912489       426.67
       3.135     0.998047      9916185       512.00
       3.151     0.998242      9918282       568.89
       3.167     0.998437      9920065       640.00
       3.187     0.998633      9922062       731.43
       3.209     0.998828      9923946       853.33
       3.237     0.999023      9925926      1024.00
       3.255     0.999121      9926933      1137.78
       3.273     0.999219      9927812      1280.00
       3.293     0.999316      9928790      1462.86
       3.321     0.999414      9929778      1706.67
       3.351     0.999512      9930717      2048.00
       3.371     0.999561      9931245      2275.56
       3.391     0.999609      9931696      2560.00
       3.417     0.999658      9932207      2925.71
       3.447     0.999707      9932664      3413.33
       3.489     0.999756      9933159      4096.00
       3.515     0.999780      9933386      4551.11
       3.547     0.999805      9933640      5120.00
       3.587     0.999829      9933883      5851.43
       3.631     0.999854      9934116      6826.67
       3.685     0.999878      9934357      8192.00
       3.721     0.999890      9934480      9102.22
       3.757     0.999902      9934600     10240.00
       3.797     0.999915      9934720     11702.86
       3.849     0.999927      9934842     13653.33
       3.921     0.999939      9934965     16384.00
       3.955     0.999945      9935026     18204.44
       3.999     0.999951      9935083     20480.00
       4.047     0.999957      9935146     23405.71
       4.095     0.999963      9935207     27306.67
       4.159     0.999969      9935266     32768.00
       4.199     0.999973      9935299     36408.89
       4.239     0.999976      9935326     40960.00
       4.287     0.999979      9935360     46811.43
       4.323     0.999982      9935387     54613.33
       4.375     0.999985      9935417     65536.00
       4.403     0.999986      9935435     72817.78
       4.427     0.999988      9935448     81920.00
       4.463     0.999989      9935462     93622.86
       4.495     0.999991      9935478    109226.67
       4.555     0.999992      9935493    131072.00
       4.583     0.999993      9935500    145635.56
       4.623     0.999994      9935508    163840.00
       4.651     0.999995      9935515    187245.71
       4.675     0.999995      9935523    218453.33
       4.735     0.999996      9935531    262144.00
       4.747     0.999997      9935534    291271.11
       4.787     0.999997      9935538    327680.00
       4.891     0.999997      9935542    374491.43
       4.927     0.999998      9935546    436906.67
       4.979     0.999998      9935550    524288.00
       4.999     0.999998      9935551    582542.22
       5.019     0.999998      9935553    655360.00
       5.031     0.999999      9935555    748982.86
       5.039     0.999999      9935557    873813.33
       5.059     0.999999      9935559   1048576.00
       5.063     0.999999      9935560   1165084.44
       5.115     0.999999      9935561   1310720.00
       5.147     0.999999      9935562   1497965.71
       5.195     0.999999      9935563   1747626.67
       5.215     1.000000      9935564   2097152.00
       5.215     1.000000      9935564   2330168.89
       5.271     1.000000      9935565   2621440.00
       5.271     1.000000      9935565   2995931.43
       5.279     1.000000      9935566   3495253.33
       5.279     1.000000      9935566   4194304.00
       5.279     1.000000      9935566   4660337.78
       5.283     1.000000      9935568   5242880.00
       5.283     1.000000      9935568          inf
#[Mean    =        1.361, StdDeviation   =        0.611]
#[Max     =        5.280, Total count    =      9935568]
#[Buckets =           27, SubBuckets     =         2048]
----------------------------------------------------------
  11883380 requests in 1.00m, 14.09GB read
Requests/sec: 198060.13
Transfer/sec:    240.45MB
