Running 1m test @ http://192.168.100.1:8080/exp1-1k.txt
  4 threads and 256 connections
  Thread calibration: mean lat.: 1.369ms, rate sampling interval: 10ms
  Thread calibration: mean lat.: 1.385ms, rate sampling interval: 10ms
  Thread calibration: mean lat.: 1.386ms, rate sampling interval: 10ms
  Thread calibration: mean lat.: 1.375ms, rate sampling interval: 10ms
  Thread Stats   Avg      Stdev     Max   +/- Stdev
    Latency     1.36ms  611.92us   5.30ms   65.84%
    Req/Sec    52.81k     3.65k   66.89k    69.60%
  Latency Distribution (HdrHistogram - Recorded Latency)
 50.000%    1.30ms
 75.000%    1.78ms
 90.000%    2.23ms
 99.000%    2.87ms
 99.900%    3.18ms
 99.990%    3.48ms
 99.999%    4.01ms
100.000%    5.31ms

  Detailed Percentile spectrum:
       Value   Percentile   TotalCount 1/(1-Percentile)

       0.059     0.000000            1         1.00
       0.616     0.100000       995191         1.11
       0.806     0.200000      1991459         1.25
       0.972     0.300000      2985777         1.43
       1.134     0.400000      3979075         1.67
       1.298     0.500000      4968003         2.00
       1.384     0.550000      5467023         2.22
       1.473     0.600000      5963286         2.50
       1.567     0.650000      6460096         2.86
       1.669     0.700000      6959781         3.33
       1.779     0.750000      7456130         4.00
       1.838     0.775000      7703429         4.44
       1.901     0.800000      7950397         5.00
       1.970     0.825000      8197731         5.71
       2.047     0.850000      8446452         6.67
       2.133     0.875000      8694490         8.00
       2.181     0.887500      8821571         8.89
       2.231     0.900000      8945719        10.00
       2.285     0.912500      9069910        11.43
       2.343     0.925000      9191992        13.33
       2.409     0.937500      9317509        16.00
       2.445     0.943750      9380388        17.78
       2.481     0.950000      9439487        20.00
       2.523     0.956250      9503566        22.86
       2.567     0.962500      9565524        26.67
       2.615     0.968750      9625650        32.00
       2.643     0.971875      9657946        35.56
       2.671     0.975000      9687644        40.00
       2.703     0.978125      9719053        45.71
       2.739     0.981250      9750580        53.33
       2.779     0.984375      9781572        64.00
       2.801     0.985938      9797021        71.11
       2.825     0.987500      9812801        80.00
       2.851     0.989062      9827987        91.43
       2.879     0.990625      9843044       106.67
       2.913     0.992188      9859213       128.00
       2.929     0.992969      9866194       142.22
       2.949     0.993750      9874400       160.00
       2.969     0.994531      9882084       182.86
       2.991     0.995313      9889637       213.33
       3.017     0.996094      9897708       256.00
       3.029     0.996484      9901077       284.44
       3.045     0.996875      9905167       320.00
       3.063     0.997266      9909256       365.71
       3.081     0.997656      9912783       426.67
       3.103     0.998047      9916700       512.00
       3.115     0.998242      9918598       568.89
       3.129     0.998437      9920503       640.00
       3.145     0.998633      9922421       731.43
       3.165     0.998828      9924471       853.33
       3.187     0.999023      9926444      1024.00
       3.199     0.999121      9927294      1137.78
       3.215     0.999219      9928352      1280.00
       3.231     0.999316      9929266      1462.86
       3.249     0.999414      9930180      1706.67
       3.273     0.999512      9931202      2048.00
       3.287     0.999561      9931685      2275.56
       3.301     0.999609      9932118      2560.00
       3.319     0.999658      9932622      2925.71
       3.341     0.999707      9933114      3413.33
       3.363     0.999756      9933587      4096.00
       3.377     0.999780      9933814      4551.11
       3.393     0.999805      9934071      5120.00
       3.411     0.999829      9934309      5851.43
       3.429     0.999854      9934537      6826.67
       3.453     0.999878      9934788      8192.00
       3.467     0.999890      9934911      9102.22
       3.479     0.999902      9935033     10240.00
       3.497     0.999915      9935151     11702.86
       3.523     0.999927      9935269     13653.33
       3.549     0.999939      9935390     16384.00
       3.565     0.999945      9935451     18204.44
       3.585     0.999951      9935508     20480.00
       3.607     0.999957      9935569     23405.71
       3.637     0.999963      9935629     27306.67
       3.665     0.999969      9935690     32768.00
       3.683     0.999973      9935719     36408.89
       3.701     0.999976      9935751     40960.00
       3.729     0.999979      9935780     46811.43
       3.765     0.999982      9935811     54613.33
       3.823     0.999985      9935840     65536.00
       3.881     0.999986      9935855     72817.78
       3.923     0.999988      9935870     81920.00
       3.967     0.999989      9935885     93622.86
       4.049     0.999991      9935901    109226.67
       4.103     0.999992      9935917    131072.00
       4.119     0.999993      9935923    145635.56
       4.179     0.999994      9935931    163840.00
       4.219     0.999995      9935939    187245.71
       4.303     0.999995      9935946    218453.33
       4.343     0.999996      9935954    262144.00
       4.363     0.999997      9935957    291271.11
       4.427     0.999997      9935961    327680.00
       4.495     0.999997      9935965    374491.43
       4.635     0.999998      9935969    436906.67
       4.803     0.999998      9935973    524288.00
       4.839     0.999998      9935974    582542.22
       4.875     0.999998      9935976    655360.00
       4.927     0.999999      9935978    748982.86
       4.983     0.999999      9935980    873813.33
       5.059     0.999999      9935982   1048576.00
       5.067     0.999999      9935983   1165084.44
       5.171     0.999999      9935984   1310720.00
       5.251     0.999999      9935985   1497965.71
       5.255     0.999999      9935986   1747626.67
       5.267     1.000000      9935987   2097152.00
       5.267     1.000000      9935987   2330168.89
       5.295     1.000000      9935988   2621440.00
       5.295     1.000000      9935988   2995931.43
       5.299     1.000000      9935989   3495253.33
       5.299     1.000000      9935989   4194304.00
       5.299     1.000000      9935989   4660337.78
       5.303     1.000000      9935990   5242880.00
       5.303     1.000000      9935990   5991862.86
       5.303     1.000000      9935990   6990506.67
       5.303     1.000000      9935990   8388608.00
       5.303     1.000000      9935990   9320675.55
       5.307     1.000000      9935991  10485760.00
       5.307     1.000000      9935991          inf
#[Mean    =        1.365, StdDeviation   =        0.612]
#[Max     =        5.304, Total count    =      9935991]
#[Buckets =           27, SubBuckets     =         2048]
----------------------------------------------------------
  11968259 requests in 1.00m, 14.19GB read
Requests/sec: 199467.62
Transfer/sec:    242.16MB
