Running 1m test @ http://192.168.100.1:8080/exp1-1k.txt
  4 threads and 256 connections
  Thread calibration: mean lat.: 1.371ms, rate sampling interval: 10ms
  Thread calibration: mean lat.: 1.363ms, rate sampling interval: 10ms
  Thread calibration: mean lat.: 1.370ms, rate sampling interval: 10ms
  Thread calibration: mean lat.: 1.376ms, rate sampling interval: 10ms
  Thread Stats   Avg      Stdev     Max   +/- Stdev
    Latency     1.36ms  611.95us   6.25ms   65.77%
    Req/Sec    52.79k     3.64k   66.89k    69.98%
  Latency Distribution (HdrHistogram - Recorded Latency)
 50.000%    1.30ms
 75.000%    1.78ms
 90.000%    2.23ms
 99.000%    2.87ms
 99.900%    3.21ms
 99.990%    3.57ms
 99.999%    4.49ms
100.000%    6.26ms

  Detailed Percentile spectrum:
       Value   Percentile   TotalCount 1/(1-Percentile)

       0.053     0.000000            1         1.00
       0.616     0.100000       996452         1.11
       0.805     0.200000      1989338         1.25
       0.971     0.300000      2981250         1.43
       1.133     0.400000      3978848         1.67
       1.297     0.500000      4973211         2.00
       1.382     0.550000      5467113         2.22
       1.471     0.600000      5963571         2.50
       1.565     0.650000      6458722         2.86
       1.667     0.700000      6957019         3.33
       1.778     0.750000      7455670         4.00
       1.837     0.775000      7701260         4.44
       1.901     0.800000      7950583         5.00
       1.970     0.825000      8197748         5.71
       2.047     0.850000      8447911         6.67
       2.133     0.875000      8696663         8.00
       2.179     0.887500      8819041         8.89
       2.229     0.900000      8942889        10.00
       2.283     0.912500      9068389        11.43
       2.341     0.925000      9191030        13.33
       2.407     0.937500      9317356        16.00
       2.441     0.943750      9377239        17.78
       2.479     0.950000      9439261        20.00
       2.521     0.956250      9503070        22.86
       2.565     0.962500      9564046        26.67
       2.615     0.968750      9625828        32.00
       2.643     0.971875      9657441        35.56
       2.673     0.975000      9688869        40.00
       2.705     0.978125      9719541        45.71
       2.741     0.981250      9750750        53.33
       2.781     0.984375      9781448        64.00
       2.803     0.985938      9796911        71.11
       2.827     0.987500      9812350        80.00
       2.853     0.989062      9827496        91.43
       2.883     0.990625      9843409       106.67
       2.915     0.992188      9858690       128.00
       2.933     0.992969      9866381       142.22
       2.951     0.993750      9873598       160.00
       2.973     0.994531      9881623       182.86
       2.997     0.995313      9889640       213.33
       3.023     0.996094      9897118       256.00
       3.039     0.996484      9901195       284.44
       3.055     0.996875      9904901       320.00
       3.073     0.997266      9908672       365.71
       3.095     0.997656      9912639       426.67
       3.119     0.998047      9916422       512.00
       3.133     0.998242      9918320       568.89
       3.149     0.998437      9920225       640.00
       3.167     0.998633      9922234       731.43
       3.187     0.998828      9924078       853.33
       3.211     0.999023      9925983      1024.00
       3.225     0.999121      9926994      1137.78
       3.241     0.999219      9927994      1280.00
       3.259     0.999316      9928931      1462.86
       3.279     0.999414      9929869      1706.67
       3.305     0.999512      9930845      2048.00
       3.321     0.999561      9931330      2275.56
       3.337     0.999609      9931799      2560.00
       3.355     0.999658      9932260      2925.71
       3.379     0.999707      9932786      3413.33
       3.407     0.999756      9933247      4096.00
       3.423     0.999780      9933500      4551.11
       3.439     0.999805      9933727      5120.00
       3.461     0.999829      9933967      5851.43
       3.489     0.999854      9934220      6826.67
       3.523     0.999878      9934446      8192.00
       3.545     0.999890      9934566      9102.22
       3.579     0.999902      9934686     10240.00
       3.619     0.999915      9934810     11702.86
       3.665     0.999927      9934928     13653.33
       3.725     0.999939      9935050     16384.00
       3.765     0.999945      9935113     18204.44
       3.805     0.999951      9935171     20480.00
       3.863     0.999957      9935233     23405.71
       3.913     0.999963      9935293     27306.67
       3.987     0.999969      9935352     32768.00
       4.049     0.999973      9935385     36408.89
       4.099     0.999976      9935415     40960.00
       4.183     0.999979      9935445     46811.43
       4.263     0.999982      9935474     54613.33
       4.351     0.999985      9935504     65536.00
       4.379     0.999986      9935522     72817.78
       4.407     0.999988      9935534     81920.00
       4.467     0.999989      9935549     93622.86
       4.535     0.999991      9935566    109226.67
       4.611     0.999992      9935580    131072.00
       4.631     0.999993      9935587    145635.56
       4.679     0.999994      9935596    163840.00
       4.723     0.999995      9935603    187245.71
       4.755     0.999995      9935610    218453.33
       4.807     0.999996      9935619    262144.00
       4.823     0.999997      9935621    291271.11
       4.847     0.999997      9935626    327680.00
       4.903     0.999997      9935629    374491.43
       5.083     0.999998      9935633    436906.67
       5.199     0.999998      9935637    524288.00
       5.203     0.999998      9935638    582542.22
       5.235     0.999998      9935640    655360.00
       5.279     0.999999      9935642    748982.86
       5.299     0.999999      9935644    873813.33
       5.335     0.999999      9935647   1048576.00
       5.335     0.999999      9935647   1165084.44
       5.379     0.999999      9935648   1310720.00
       5.491     0.999999      9935649   1497965.71
       5.747     0.999999      9935650   1747626.67
       5.811     1.000000      9935651   2097152.00
       5.811     1.000000      9935651   2330168.89
       5.827     1.000000      9935652   2621440.00
       5.827     1.000000      9935652   2995931.43
       5.831     1.000000      9935653   3495253.33
       5.831     1.000000      9935653   4194304.00
       5.831     1.000000      9935653   4660337.78
       5.903     1.000000      9935654   5242880.00
       5.903     1.000000      9935654   5991862.86
       5.903     1.000000      9935654   6990506.67
       5.903     1.000000      9935654   8388608.00
       5.903     1.000000      9935654   9320675.55
       6.255     1.000000      9935655  10485760.00
       6.255     1.000000      9935655          inf
#[Mean    =        1.364, StdDeviation   =        0.612]
#[Max     =        6.252, Total count    =      9935655]
#[Buckets =           27, SubBuckets     =         2048]
----------------------------------------------------------
  11925689 requests in 1.00m, 14.14GB read
Requests/sec: 198762.28
Transfer/sec:    241.30MB
