Running 1m test @ http://192.168.100.1:8080/exp1-1k.txt
  4 threads and 256 connections
  Thread calibration: mean lat.: 1.343ms, rate sampling interval: 10ms
  Thread calibration: mean lat.: 1.360ms, rate sampling interval: 10ms
  Thread calibration: mean lat.: 1.359ms, rate sampling interval: 10ms
  Thread calibration: mean lat.: 1.386ms, rate sampling interval: 10ms
  Thread Stats   Avg      Stdev     Max   +/- Stdev
    Latency     1.37ms  611.38us   5.10ms   65.81%
    Req/Sec    52.80k     3.67k   68.33k    69.68%
  Latency Distribution (HdrHistogram - Recorded Latency)
 50.000%    1.30ms
 75.000%    1.78ms
 90.000%    2.23ms
 99.000%    2.87ms
 99.900%    3.20ms
 99.990%    3.57ms
 99.999%    4.17ms
100.000%    5.10ms

  Detailed Percentile spectrum:
       Value   Percentile   TotalCount 1/(1-Percentile)

       0.054     0.000000            2         1.00
       0.617     0.100000       994763         1.11
       0.807     0.200000      1987771         1.25
       0.973     0.300000      2983984         1.43
       1.134     0.400000      3978396         1.67
       1.297     0.500000      4969255         2.00
       1.382     0.550000      5465765         2.22
       1.471     0.600000      5961497         2.50
       1.566     0.650000      6461031         2.86
       1.668     0.700000      6955845         3.33
       1.779     0.750000      7451982         4.00
       1.839     0.775000      7702266         4.44
       1.903     0.800000      7951495         5.00
       1.972     0.825000      8198875         5.71
       2.049     0.850000      8449257         6.67
       2.133     0.875000      8693929         8.00
       2.181     0.887500      8821948         8.89
       2.231     0.900000      8946790        10.00
       2.283     0.912500      9068099        11.43
       2.341     0.925000      9192375        13.33
       2.405     0.937500      9315624        16.00
       2.441     0.943750      9379200        17.78
       2.479     0.950000      9441159        20.00
       2.519     0.956250      9501459        22.86
       2.565     0.962500      9565507        26.67
       2.615     0.968750      9627369        32.00
       2.641     0.971875      9656369        35.56
       2.671     0.975000      9687751        40.00
       2.703     0.978125      9718308        45.71
       2.739     0.981250      9749391        53.33
       2.781     0.984375      9781784        64.00
       2.803     0.985938      9797049        71.11
       2.827     0.987500      9812261        80.00
       2.853     0.989062      9827471        91.43
       2.883     0.990625      9843412       106.67
       2.915     0.992188      9858601       128.00
       2.933     0.992969      9866428       142.22
       2.951     0.993750      9873698       160.00
       2.973     0.994531      9881822       182.86
       2.995     0.995313      9889158       213.33
       3.023     0.996094      9897346       256.00
       3.037     0.996484      9901040       284.44
       3.053     0.996875      9904944       320.00
       3.071     0.997266      9908776       365.71
       3.091     0.997656      9912599       426.67
       3.113     0.998047      9916204       512.00
       3.127     0.998242      9918192       568.89
       3.143     0.998437      9920255       640.00
       3.159     0.998633      9922066       731.43
       3.179     0.998828      9924028       853.33
       3.203     0.999023      9926048      1024.00
       3.215     0.999121      9926928      1137.78
       3.231     0.999219      9927953      1280.00
       3.247     0.999316      9928861      1462.86
       3.269     0.999414      9929822      1706.67
       3.295     0.999512      9930795      2048.00
       3.309     0.999561      9931234      2275.56
       3.327     0.999609      9931719      2560.00
       3.349     0.999658      9932234      2925.71
       3.371     0.999707      9932697      3413.33
       3.401     0.999756      9933182      4096.00
       3.421     0.999780      9933430      4551.11
       3.441     0.999805      9933665      5120.00
       3.463     0.999829      9933918      5851.43
       3.491     0.999854      9934160      6826.67
       3.525     0.999878      9934393      8192.00
       3.543     0.999890      9934513      9102.22
       3.569     0.999902      9934635     10240.00
       3.595     0.999915      9934752     11702.86
       3.629     0.999927      9934879     13653.33
       3.661     0.999939      9934997     16384.00
       3.683     0.999945      9935061     18204.44
       3.705     0.999951      9935115     20480.00
       3.735     0.999957      9935176     23405.71
       3.777     0.999963      9935237     27306.67
       3.829     0.999969      9935297     32768.00
       3.863     0.999973      9935329     36408.89
       3.893     0.999976      9935358     40960.00
       3.937     0.999979      9935389     46811.43
       3.985     0.999982      9935420     54613.33
       4.043     0.999985      9935449     65536.00
       4.077     0.999986      9935464     72817.78
       4.111     0.999988      9935480     81920.00
       4.155     0.999989      9935494     93622.86
       4.203     0.999991      9935511    109226.67
       4.231     0.999992      9935525    131072.00
       4.263     0.999993      9935535    145635.56
       4.291     0.999994      9935540    163840.00
       4.347     0.999995      9935548    187245.71
       4.387     0.999995      9935555    218453.33
       4.427     0.999996      9935563    262144.00
       4.447     0.999997      9935567    291271.11
       4.487     0.999997      9935570    327680.00
       4.519     0.999997      9935574    374491.43
       4.591     0.999998      9935578    436906.67
       4.703     0.999998      9935582    524288.00
       4.715     0.999998      9935583    582542.22
       4.735     0.999998      9935585    655360.00
       4.787     0.999999      9935588    748982.86
       4.815     0.999999      9935589    873813.33
       4.867     0.999999      9935592   1048576.00
       4.867     0.999999      9935592   1165084.44
       4.907     0.999999      9935593   1310720.00
       4.911     0.999999      9935594   1497965.71
       4.919     0.999999      9935595   1747626.67
       4.939     1.000000      9935596   2097152.00
       4.939     1.000000      9935596   2330168.89
       4.967     1.000000      9935597   2621440.00
       4.967     1.000000      9935597   2995931.43
       5.019     1.000000      9935598   3495253.33
       5.019     1.000000      9935598   4194304.00
       5.019     1.000000      9935598   4660337.78
       5.095     1.000000      9935599   5242880.00
       5.095     1.000000      9935599   5991862.86
       5.095     1.000000      9935599   6990506.67
       5.095     1.000000      9935599   8388608.00
       5.095     1.000000      9935599   9320675.55
       5.103     1.000000      9935600  10485760.00
       5.103     1.000000      9935600          inf
#[Mean    =        1.365, StdDeviation   =        0.611]
#[Max     =        5.100, Total count    =      9935600]
#[Buckets =           27, SubBuckets     =         2048]
----------------------------------------------------------
  11925802 requests in 1.00m, 14.14GB read
Requests/sec: 198766.12
Transfer/sec:    241.31MB
