Running 1m test @ http://192.168.100.1:8080/exp1-1k.txt
  4 threads and 256 connections
  Thread calibration: mean lat.: 1.364ms, rate sampling interval: 10ms
  Thread calibration: mean lat.: 1.379ms, rate sampling interval: 10ms
  Thread calibration: mean lat.: 1.441ms, rate sampling interval: 10ms
  Thread calibration: mean lat.: 1.367ms, rate sampling interval: 10ms
  Thread Stats   Avg      Stdev     Max   +/- Stdev
    Latency     1.36ms  611.99us   4.94ms   65.87%
    Req/Sec    52.81k     3.65k   66.67k    70.17%
  Latency Distribution (HdrHistogram - Recorded Latency)
 50.000%    1.30ms
 75.000%    1.78ms
 90.000%    2.23ms
 99.000%    2.87ms
 99.900%    3.20ms
 99.990%    3.52ms
 99.999%    4.21ms
100.000%    4.94ms

  Detailed Percentile spectrum:
       Value   Percentile   TotalCount 1/(1-Percentile)

       0.053     0.000000            1         1.00
       0.616     0.100000       997061         1.11
       0.805     0.200000      1990204         1.25
       0.971     0.300000      2986494         1.43
       1.132     0.400000      3976736         1.67
       1.296     0.500000      4969147         2.00
       1.382     0.550000      5470230         2.22
       1.470     0.600000      5962894         2.50
       1.564     0.650000      6459549         2.86
       1.666     0.700000      6956435         3.33
       1.777     0.750000      7455746         4.00
       1.836     0.775000      7702670         4.44
       1.899     0.800000      7949008         5.00
       1.969     0.825000      8199975         5.71
       2.045     0.850000      8446624         6.67
       2.131     0.875000      8694752         8.00
       2.179     0.887500      8821629         8.89
       2.229     0.900000      8944807        10.00
       2.283     0.912500      9068707        11.43
       2.341     0.925000      9191300        13.33
       2.407     0.937500      9316537        16.00
       2.443     0.943750      9379221        17.78
       2.481     0.950000      9440839        20.00
       2.521     0.956250      9501011        22.86
       2.567     0.962500      9564775        26.67
       2.617     0.968750      9626580        32.00
       2.645     0.971875      9658120        35.56
       2.675     0.975000      9689268        40.00
       2.707     0.978125      9719790        45.71
       2.743     0.981250      9750448        53.33
       2.783     0.984375      9781266        64.00
       2.805     0.985938      9796398        71.11
       2.829     0.987500      9811789        80.00
       2.857     0.989062      9828092        91.43
       2.887     0.990625      9843427       106.67
       2.919     0.992188      9858385       128.00
       2.937     0.992969      9866104       142.22
       2.957     0.993750      9874039       160.00
       2.977     0.994531      9881372       182.86
       3.001     0.995313      9889304       213.33
       3.027     0.996094      9897114       256.00
       3.041     0.996484      9900865       284.44
       3.057     0.996875      9904830       320.00
       3.075     0.997266      9908770       365.71
       3.095     0.997656      9912532       426.67
       3.119     0.998047      9916561       512.00
       3.131     0.998242      9918324       568.89
       3.145     0.998437      9920183       640.00
       3.163     0.998633      9922303       731.43
       3.181     0.998828      9924083       853.33
       3.203     0.999023      9925987      1024.00
       3.217     0.999121      9927018      1137.78
       3.233     0.999219      9927970      1280.00
       3.249     0.999316      9928903      1462.86
       3.269     0.999414      9929878      1706.67
       3.293     0.999512      9930899      2048.00
       3.305     0.999561      9931321      2275.56
       3.321     0.999609      9931812      2560.00
       3.341     0.999658      9932323      2925.71
       3.361     0.999707      9932784      3413.33
       3.389     0.999756      9933295      4096.00
       3.403     0.999780      9933512      4551.11
       3.421     0.999805      9933761      5120.00
       3.439     0.999829      9933998      5851.43
       3.463     0.999854      9934241      6826.67
       3.487     0.999878      9934478      8192.00
       3.505     0.999890      9934602      9102.22
       3.529     0.999902      9934725     10240.00
       3.555     0.999915      9934839     11702.86
       3.591     0.999927      9934962     13653.33
       3.631     0.999939      9935081     16384.00
       3.655     0.999945      9935142     18204.44
       3.681     0.999951      9935204     20480.00
       3.713     0.999957      9935262     23405.71
       3.757     0.999963      9935323     27306.67
       3.801     0.999969      9935383     32768.00
       3.823     0.999973      9935415     36408.89
       3.851     0.999976      9935444     40960.00
       3.893     0.999979      9935473     46811.43
       3.965     0.999982      9935504     54613.33
       4.065     0.999985      9935534     65536.00
       4.111     0.999986      9935549     72817.78
       4.163     0.999988      9935564     81920.00
       4.195     0.999989      9935579     93622.86
       4.239     0.999991      9935595    109226.67
       4.299     0.999992      9935611    131072.00
       4.327     0.999993      9935618    145635.56
       4.399     0.999994      9935625    163840.00
       4.427     0.999995      9935632    187245.71
       4.491     0.999995      9935641    218453.33
       4.523     0.999996      9935648    262144.00
       4.551     0.999997      9935653    291271.11
       4.567     0.999997      9935655    327680.00
       4.599     0.999997      9935659    374491.43
       4.635     0.999998      9935663    436906.67
       4.675     0.999998      9935667    524288.00
       4.691     0.999998      9935669    582542.22
       4.715     0.999998      9935670    655360.00
       4.723     0.999999      9935672    748982.86
       4.743     0.999999      9935674    873813.33
       4.787     0.999999      9935676   1048576.00
       4.795     0.999999      9935677   1165084.44
       4.807     0.999999      9935678   1310720.00
       4.811     0.999999      9935680   1497965.71
       4.811     0.999999      9935680   1747626.67
       4.843     1.000000      9935681   2097152.00
       4.843     1.000000      9935681   2330168.89
       4.855     1.000000      9935682   2621440.00
       4.855     1.000000      9935682   2995931.43
       4.887     1.000000      9935683   3495253.33
       4.887     1.000000      9935683   4194304.00
       4.887     1.000000      9935683   4660337.78
       4.935     1.000000      9935684   5242880.00
       4.935     1.000000      9935684   5991862.86
       4.935     1.000000      9935684   6990506.67
       4.935     1.000000      9935684   8388608.00
       4.935     1.000000      9935684   9320675.55
       4.939     1.000000      9935685  10485760.00
       4.939     1.000000      9935685          inf
#[Mean    =        1.363, StdDeviation   =        0.612]
#[Max     =        4.936, Total count    =      9935685]
#[Buckets =           27, SubBuckets     =         2048]
----------------------------------------------------------
  11925894 requests in 1.00m, 14.14GB read
Requests/sec: 198763.04
Transfer/sec:    241.30MB
