Running 1m test @ http://192.168.100.100:8080/exp1-1k.txt
  4 threads and 256 connections
  Thread calibration: mean lat.: 1810.876ms, rate sampling interval: 6549ms
  Thread calibration: mean lat.: 1741.468ms, rate sampling interval: 6795ms
  Thread calibration: mean lat.: 1798.845ms, rate sampling interval: 6725ms
  Thread calibration: mean lat.: 1690.834ms, rate sampling interval: 6594ms
  Thread Stats   Avg      Stdev     Max   +/- Stdev
    Latency    13.43s     5.60s   23.81s    57.71%
    Req/Sec    68.67k   848.27    70.53k    64.29%
  Latency Distribution (HdrHistogram - Recorded Latency)
 50.000%   13.46s 
 75.000%   18.28s 
 90.000%   21.17s 
 99.000%   22.94s 
 99.900%   23.38s 
 99.990%   23.67s 
 99.999%   23.81s 
100.000%   23.82s 

  Detailed Percentile spectrum:
       Value   Percentile   TotalCount 1/(1-Percentile)

    3500.031     0.000000           11         1.00
    5677.055     0.100000      1366889         1.11
    7610.367     0.200000      2728753         1.25
    9560.063     0.300000      4095623         1.43
   11509.759     0.400000      5462026         1.67
   13459.455     0.500000      6826171         2.00
   14426.111     0.550000      7508172         2.22
   15384.575     0.600000      8186403         2.50
   16351.231     0.650000      8867619         2.86
   17317.887     0.700000      9551365         3.33
   18284.543     0.750000     10232324         4.00
   18776.063     0.775000     10582448         4.44
   19251.199     0.800000     10915919         5.00
   19742.719     0.825000     11264184         5.71
   20217.855     0.850000     11606572         6.67
   20692.991     0.875000     11941287         8.00
   20938.751     0.887500     12115943         8.89
   21168.127     0.900000     12278031        10.00
   21413.887     0.912500     12452718        11.43
   21659.647     0.925000     12627416        13.33
   21889.023     0.937500     12792387        16.00
   22003.711     0.943750     12874923        17.78
   22134.783     0.950000     12968790        20.00
   22249.471     0.956250     13050419        22.86
   22364.159     0.962500     13132858        26.67
   22495.231     0.968750     13226292        32.00
   22544.383     0.971875     13260998        35.56
   22609.919     0.975000     13306690        40.00
   22675.455     0.978125     13351418        45.71
   22740.991     0.981250     13394505        53.33
   22806.527     0.984375     13435176        64.00
   22839.295     0.985938     13454068        71.11
   22872.063     0.987500     13472349        80.00
   22921.215     0.989062     13498442        91.43
   22953.983     0.990625     13514492       106.67
   23003.135     0.992188     13536821       128.00
   23035.903     0.992969     13550410       142.22
   23068.671     0.993750     13562523       160.00
   23085.055     0.994531     13568262       182.86
   23117.823     0.995313     13578664       213.33
   23166.975     0.996094     13593193       256.00
   23183.359     0.996484     13597581       284.44
   23199.743     0.996875     13601655       320.00
   23216.127     0.997266     13605414       365.71
   23248.895     0.997656     13611833       426.67
   23281.663     0.998047     13617038       512.00
   23298.047     0.998242     13619439       568.89
   23314.431     0.998437     13621737       640.00
   23330.815     0.998633     13623936       731.43
   23363.583     0.998828     13627726       853.33
   23379.967     0.999023     13629276      1024.00
   23396.351     0.999121     13630691      1137.78
   23412.735     0.999219     13631876      1280.00
   23429.119     0.999316     13632932      1462.86
   23461.887     0.999414     13634856      1706.67
   23478.271     0.999512     13635742      2048.00
   23494.655     0.999561     13636629      2275.56
   23511.039     0.999609     13637354      2560.00
   23527.423     0.999658     13638026      2925.71
   23543.807     0.999707     13638519      3413.33
   23560.191     0.999756     13638898      4096.00
   23576.575     0.999780     13639237      4551.11
   23592.959     0.999805     13639579      5120.00
   23609.343     0.999829     13639934      5851.43
   23625.727     0.999854     13640288      6826.67
   23642.111     0.999878     13640526      8192.00
   23658.495     0.999890     13640715      9102.22
   23674.879     0.999902     13640887     10240.00
   23691.263     0.999915     13641058     11702.86
   23707.647     0.999927     13641227     13653.33
   23724.031     0.999939     13641373     16384.00
   23724.031     0.999945     13641373     18204.44
   23740.415     0.999951     13641513     20480.00
   23756.799     0.999957     13641649     23405.71
   23756.799     0.999963     13641649     27306.67
   23773.183     0.999969     13641793     32768.00
   23773.183     0.999973     13641793     36408.89
   23773.183     0.999976     13641793     40960.00
   23789.567     0.999979     13641934     46811.43
   23789.567     0.999982     13641934     54613.33
   23789.567     0.999985     13641934     65536.00
   23789.567     0.999986     13641934     72817.78
   23805.951     0.999988     13642050     81920.00
   23805.951     0.999989     13642050     93622.86
   23805.951     0.999991     13642050    109226.67
   23805.951     0.999992     13642050    131072.00
   23805.951     0.999993     13642050    145635.56
   23805.951     0.999994     13642050    163840.00
   23805.951     0.999995     13642050    187245.71
   23805.951     0.999995     13642050    218453.33
   23822.335     0.999996     13642108    262144.00
   23822.335     1.000000     13642108          inf
#[Mean    =    13433.671, StdDeviation   =     5595.507]
#[Max     =    23805.952, Total count    =     13642108]
#[Buckets =           27, SubBuckets     =         2048]
----------------------------------------------------------
  16440291 requests in 1.00m, 19.49GB read
Requests/sec: 274006.18
Transfer/sec:    332.65MB
