Running 1m test @ http://192.168.100.100:8080/exp1-1k.txt
  4 threads and 256 connections
  Thread calibration: mean lat.: 1535.864ms, rate sampling interval: 6266ms
  Thread calibration: mean lat.: 1577.725ms, rate sampling interval: 6434ms
  Thread calibration: mean lat.: 1851.347ms, rate sampling interval: 6684ms
  Thread calibration: mean lat.: 1824.809ms, rate sampling interval: 6541ms
  Thread Stats   Avg      Stdev     Max   +/- Stdev
    Latency    13.30s     5.59s   23.89s    57.78%
    Req/Sec    68.69k   661.96    70.04k    71.43%
  Latency Distribution (HdrHistogram - Recorded Latency)
 50.000%   13.30s 
 75.000%   18.14s 
 90.000%   21.05s 
 99.000%   22.82s 
 99.900%   23.25s 
 99.990%   23.54s 
 99.999%   23.84s 
100.000%   23.90s 

  Detailed Percentile spectrum:
       Value   Percentile   TotalCount 1/(1-Percentile)

    3411.967     0.000000            3         1.00
    5566.463     0.100000      1366873         1.11
    7499.775     0.200000      2730813         1.25
    9428.991     0.300000      4096035         1.43
   11370.495     0.400000      5460882         1.67
   13295.615     0.500000      6827340         2.00
   14270.463     0.550000      7509765         2.22
   15228.927     0.600000      8188950         2.50
   16203.775     0.650000      8875773         2.86
   17170.431     0.700000      9558078         3.33
   18137.087     0.750000     10239879         4.00
   18628.607     0.775000     10585228         4.44
   19120.127     0.800000     10927889         5.00
   19595.263     0.825000     11262481         5.71
   20086.783     0.850000     11605069         6.67
   20578.303     0.875000     11950812         8.00
   20824.063     0.887500     12119694         8.89
   21053.439     0.900000     12285308        10.00
   21299.199     0.912500     12462489        11.43
   21528.575     0.925000     12626392        13.33
   21774.335     0.937500     12800673        16.00
   21905.407     0.943750     12890470        17.78
   22020.095     0.950000     12969715        20.00
   22134.783     0.956250     13051672        22.86
   22265.855     0.962500     13145936        26.67
   22380.543     0.968750     13228258        32.00
   22446.079     0.971875     13274433        35.56
   22495.231     0.975000     13309328        40.00
   22560.767     0.978125     13355188        45.71
   22626.303     0.981250     13399764        53.33
   22691.839     0.984375     13441208        64.00
   22724.607     0.985938     13461266        71.11
   22757.375     0.987500     13479978        80.00
   22806.527     0.989062     13506173        91.43
   22839.295     0.990625     13522102       106.67
   22888.447     0.992188     13544296       128.00
   22921.215     0.992969     13558044       142.22
   22937.599     0.993750     13564458       160.00
   22970.367     0.994531     13576556       182.86
   23003.135     0.995313     13587826       213.33
   23035.903     0.996094     13598287       256.00
   23052.287     0.996484     13603046       284.44
   23068.671     0.996875     13607307       320.00
   23085.055     0.997266     13611012       365.71
   23117.823     0.997656     13617679       426.67
   23150.591     0.998047     13623575       512.00
   23166.975     0.998242     13626278       568.89
   23183.359     0.998437     13628528       640.00
   23199.743     0.998633     13630525       731.43
   23216.127     0.998828     13632299       853.33
   23248.895     0.999023     13635528      1024.00
   23265.279     0.999121     13636881      1137.78
   23281.663     0.999219     13638148      1280.00
   23298.047     0.999316     13639319      1462.86
   23314.431     0.999414     13640309      1706.67
   23347.199     0.999512     13641969      2048.00
   23363.583     0.999561     13642635      2275.56
   23379.967     0.999609     13643260      2560.00
   23396.351     0.999658     13643872      2925.71
   23412.735     0.999707     13644470      3413.33
   23429.119     0.999756     13645025      4096.00
   23445.503     0.999780     13645470      4551.11
   23445.503     0.999805     13645470      5120.00
   23461.887     0.999829     13645810      5851.43
   23494.655     0.999854     13646328      6826.67
   23511.039     0.999878     13646559      8192.00
   23527.423     0.999890     13646732      9102.22
   23543.807     0.999902     13646886     10240.00
   23560.191     0.999915     13647009     11702.86
   23592.959     0.999927     13647160     13653.33
   23625.727     0.999939     13647306     16384.00
   23642.111     0.999945     13647374     18204.44
   23674.879     0.999951     13647510     20480.00
   23691.263     0.999957     13647594     23405.71
   23707.647     0.999963     13647682     27306.67
   23724.031     0.999969     13647770     32768.00
   23724.031     0.999973     13647770     36408.89
   23740.415     0.999976     13647809     40960.00
   23756.799     0.999979     13647842     46811.43
   23773.183     0.999982     13647875     54613.33
   23805.951     0.999985     13647942     65536.00
   23805.951     0.999986     13647942     72817.78
   23822.335     0.999988     13647975     81920.00
   23822.335     0.999989     13647975     93622.86
   23838.719     0.999991     13648007    109226.67
   23855.103     0.999992     13648038    131072.00
   23855.103     0.999993     13648038    145635.56
   23855.103     0.999994     13648038    163840.00
   23871.487     0.999995     13648068    187245.71
   23871.487     0.999995     13648068    218453.33
   23871.487     0.999996     13648068    262144.00
   23887.871     0.999997     13648099    291271.11
   23887.871     0.999997     13648099    327680.00
   23887.871     0.999997     13648099    374491.43
   23887.871     0.999998     13648099    436906.67
   23887.871     0.999998     13648099    524288.00
   23887.871     0.999998     13648099    582542.22
   23887.871     0.999998     13648099    655360.00
   23887.871     0.999999     13648099    748982.86
   23904.255     0.999999     13648117    873813.33
   23904.255     1.000000     13648117          inf
#[Mean    =    13301.100, StdDeviation   =     5588.909]
#[Max     =    23887.872, Total count    =     13648117]
#[Buckets =           27, SubBuckets     =         2048]
----------------------------------------------------------
  16399298 requests in 1.00m, 19.44GB read
Requests/sec: 273322.94
Transfer/sec:    331.82MB
