Running 1m test @ http://192.168.100.100:8080/exp1-1k.txt
  4 threads and 256 connections
  Thread calibration: mean lat.: 1924.065ms, rate sampling interval: 6897ms
  Thread calibration: mean lat.: 1918.528ms, rate sampling interval: 7004ms
  Thread calibration: mean lat.: 2008.827ms, rate sampling interval: 7389ms
  Thread calibration: mean lat.: 1909.824ms, rate sampling interval: 6905ms
  Thread Stats   Avg      Stdev     Max   +/- Stdev
    Latency    13.62s     5.60s   24.00s    57.93%
    Req/Sec    68.62k   581.67    69.84k    70.37%
  Latency Distribution (HdrHistogram - Recorded Latency)
 50.000%   13.64s 
 75.000%   18.46s 
 90.000%   21.36s 
 99.000%   23.18s 
 99.900%   23.63s 
 99.990%   23.89s 
 99.999%   23.99s 
100.000%   24.02s 

  Detailed Percentile spectrum:
       Value   Percentile   TotalCount 1/(1-Percentile)

    3651.583     0.000000            8         1.00
    5857.279     0.100000      1364008         1.11
    7806.975     0.200000      2725807         1.25
    9756.671     0.300000      4090872         1.43
   11689.983     0.400000      5452020         1.67
   13639.679     0.500000      6817961         2.00
   14614.527     0.550000      7499529         2.22
   15564.799     0.600000      8178202         2.50
   16539.647     0.650000      8864825         2.86
   17514.495     0.700000      9548819         3.33
   18464.767     0.750000     10231763         4.00
   18939.903     0.775000     10567841         4.44
   19431.423     0.800000     10911769         5.00
   19922.943     0.825000     11252911         5.71
   20398.079     0.850000     11584729         6.67
   20873.215     0.875000     11928135         8.00
   21118.975     0.887500     12101760         8.89
   21364.735     0.900000     12276054        10.00
   21610.495     0.912500     12440018        11.43
   21856.255     0.925000     12610110        13.33
   22102.015     0.937500     12782113        16.00
   22233.087     0.943750     12873337        17.78
   22347.775     0.950000     12954443        20.00
   22462.463     0.956250     13035051        22.86
   22593.535     0.962500     13125191        26.67
   22708.223     0.968750     13203652        32.00
   22773.759     0.971875     13248915        35.56
   22839.295     0.975000     13293506        40.00
   22904.831     0.978125     13336465        45.71
   22970.367     0.981250     13378224        53.33
   23035.903     0.984375     13417973        64.00
   23085.055     0.985938     13445208        71.11
   23117.823     0.987500     13462827        80.00
   23166.975     0.989062     13488359        91.43
   23199.743     0.990625     13504800       106.67
   23248.895     0.992188     13527475       128.00
   23265.279     0.992969     13534570       142.22
   23298.047     0.993750     13547733       160.00
   23330.815     0.994531     13559514       182.86
   23363.583     0.995313     13569761       213.33
   23396.351     0.996094     13578820       256.00
   23412.735     0.996484     13582966       284.44
   23429.119     0.996875     13586969       320.00
   23461.887     0.997266     13594084       365.71
   23478.271     0.997656     13597104       426.67
   23511.039     0.998047     13602806       512.00
   23527.423     0.998242     13605231       568.89
   23560.191     0.998437     13609499       640.00
   23576.575     0.998633     13611430       731.43
   23592.959     0.998828     13613187       853.33
   23625.727     0.999023     13616368      1024.00
   23642.111     0.999121     13617750      1137.78
   23658.495     0.999219     13618986      1280.00
   23674.879     0.999316     13620178      1462.86
   23691.263     0.999414     13621319      1706.67
   23707.647     0.999512     13622442      2048.00
   23724.031     0.999561     13623384      2275.56
   23740.415     0.999609     13624107      2560.00
   23756.799     0.999658     13624650      2925.71
   23773.183     0.999707     13625192      3413.33
   23805.951     0.999756     13626163      4096.00
   23805.951     0.999780     13626163      4551.11
   23822.335     0.999805     13626679      5120.00
   23838.719     0.999829     13627139      5851.43
   23838.719     0.999854     13627139      6826.67
   23855.103     0.999878     13627415      8192.00
   23871.487     0.999890     13627638      9102.22
   23887.871     0.999902     13627808     10240.00
   23904.255     0.999915     13627997     11702.86
   23920.639     0.999927     13628194     13653.33
   23937.023     0.999939     13628386     16384.00
   23937.023     0.999945     13628386     18204.44
   23937.023     0.999951     13628386     20480.00
   23953.407     0.999957     13628615     23405.71
   23953.407     0.999963     13628615     27306.67
   23969.791     0.999969     13628810     32768.00
   23969.791     0.999973     13628810     36408.89
   23969.791     0.999976     13628810     40960.00
   23969.791     0.999979     13628810     46811.43
   23969.791     0.999982     13628810     54613.33
   23986.175     0.999985     13628964     65536.00
   23986.175     0.999986     13628964     72817.78
   23986.175     0.999988     13628964     81920.00
   23986.175     0.999989     13628964     93622.86
   23986.175     0.999991     13628964    109226.67
   23986.175     0.999992     13628964    131072.00
   23986.175     0.999993     13628964    145635.56
   23986.175     0.999994     13628964    163840.00
   23986.175     0.999995     13628964    187245.71
   24002.559     0.999995     13629003    218453.33
   24002.559     0.999996     13629003    262144.00
   24002.559     0.999997     13629003    291271.11
   24002.559     0.999997     13629003    327680.00
   24002.559     0.999997     13629003    374491.43
   24018.943     0.999998     13629035    436906.67
   24018.943     1.000000     13629035          inf
#[Mean    =    13622.033, StdDeviation   =     5597.681]
#[Max     =    24002.560, Total count    =     13629035]
#[Buckets =           27, SubBuckets     =         2048]
----------------------------------------------------------
  16437519 requests in 1.00m, 19.49GB read
Requests/sec: 273960.22
Transfer/sec:    332.59MB
