Running 1m test @ http://192.168.100.100:8080/exp1-1k.txt
  4 threads and 256 connections
  Thread calibration: mean lat.: 1639.520ms, rate sampling interval: 6615ms
  Thread calibration: mean lat.: 1552.723ms, rate sampling interval: 6352ms
  Thread calibration: mean lat.: 1859.034ms, rate sampling interval: 6610ms
  Thread calibration: mean lat.: 1790.020ms, rate sampling interval: 6504ms
  Thread Stats   Avg      Stdev     Max   +/- Stdev
    Latency    13.34s     5.61s   23.72s    57.71%
    Req/Sec    68.59k   657.82    69.97k    64.29%
  Latency Distribution (HdrHistogram - Recorded Latency)
 50.000%   13.33s 
 75.000%   18.20s 
 90.000%   21.12s 
 99.000%   22.89s 
 99.900%   23.28s 
 99.990%   23.58s 
 99.999%   23.71s 
100.000%   23.74s 

  Detailed Percentile spectrum:
       Value   Percentile   TotalCount 1/(1-Percentile)

    3407.871     0.000000            4         1.00
    5582.847     0.100000      1365234         1.11
    7512.063     0.200000      2727131         1.25
    9445.375     0.300000      4087468         1.43
   11386.879     0.400000      5452214         1.67
   13328.383     0.500000      6812629         2.00
   14303.231     0.550000      7496478         2.22
   15269.887     0.600000      8178381         2.50
   16261.119     0.650000      8861461         2.86
   17235.967     0.700000      9544940         3.33
   18202.623     0.750000     10220550         4.00
   18694.143     0.775000     10563951         4.44
   19185.663     0.800000     10907847         5.00
   19660.799     0.825000     11241103         5.71
   20152.319     0.850000     11584582         6.67
   20627.455     0.875000     11922602         8.00
   20873.215     0.887500     12095897         8.89
   21118.975     0.900000     12269406        10.00
   21364.735     0.912500     12441616        11.43
   21594.111     0.925000     12603646        13.33
   21839.871     0.937500     12777371        16.00
   21970.943     0.943750     12868763        17.78
   22085.631     0.950000     12949524        20.00
   22200.319     0.956250     13030032        22.86
   22331.391     0.962500     13123244        26.67
   22446.079     0.968750     13203755        32.00
   22511.615     0.971875     13248506        35.56
   22577.151     0.975000     13293386        40.00
   22626.303     0.978125     13326775        45.71
   22691.839     0.981250     13370865        53.33
   22757.375     0.984375     13414400        64.00
   22790.143     0.985938     13435417        71.11
   22822.911     0.987500     13455933        80.00
   22872.063     0.989062     13484004        91.43
   22904.831     0.990625     13501342       106.67
   22953.983     0.992188     13525481       128.00
   22970.367     0.992969     13532902       142.22
   22986.751     0.993750     13539973       160.00
   23019.519     0.994531     13553475       182.86
   23052.287     0.995313     13565648       213.33
   23085.055     0.996094     13576134       256.00
   23101.439     0.996484     13580847       284.44
   23117.823     0.996875     13585187       320.00
   23134.207     0.997266     13589221       365.71
   23150.591     0.997656     13592633       426.67
   23183.359     0.998047     13598452       512.00
   23199.743     0.998242     13600988       568.89
   23216.127     0.998437     13603370       640.00
   23248.895     0.998633     13607747       731.43
   23265.279     0.998828     13609510       853.33
   23298.047     0.999023     13612674      1024.00
   23298.047     0.999121     13612674      1137.78
   23314.431     0.999219     13614115      1280.00
   23330.815     0.999316     13615436      1462.86
   23347.199     0.999414     13616657      1706.67
   23379.967     0.999512     13618542      2048.00
   23379.967     0.999561     13618542      2275.56
   23396.351     0.999609     13619250      2560.00
   23412.735     0.999658     13619897      2925.71
   23429.119     0.999707     13620553      3413.33
   23461.887     0.999756     13621558      4096.00
   23461.887     0.999780     13621558      4551.11
   23478.271     0.999805     13621915      5120.00
   23494.655     0.999829     13622197      5851.43
   23527.423     0.999854     13622689      6826.67
   23543.807     0.999878     13622880      8192.00
   23560.191     0.999890     13623070      9102.22
   23576.575     0.999902     13623241     10240.00
   23592.959     0.999915     13623417     11702.86
   23609.343     0.999927     13623599     13653.33
   23625.727     0.999939     13623772     16384.00
   23625.727     0.999945     13623772     18204.44
   23642.111     0.999951     13623910     20480.00
   23658.495     0.999957     13624031     23405.71
   23658.495     0.999963     13624031     27306.67
   23674.879     0.999969     13624142     32768.00
   23674.879     0.999973     13624142     36408.89
   23691.263     0.999976     13624266     40960.00
   23691.263     0.999979     13624266     46811.43
   23691.263     0.999982     13624266     54613.33
   23707.647     0.999985     13624397     65536.00
   23707.647     0.999986     13624397     72817.78
   23707.647     0.999988     13624397     81920.00
   23707.647     0.999989     13624397     93622.86
   23707.647     0.999991     13624397    109226.67
   23724.031     0.999992     13624492    131072.00
   23724.031     0.999993     13624492    145635.56
   23724.031     0.999994     13624492    163840.00
   23724.031     0.999995     13624492    187245.71
   23724.031     0.999995     13624492    218453.33
   23724.031     0.999996     13624492    262144.00
   23724.031     0.999997     13624492    291271.11
   23724.031     0.999997     13624492    327680.00
   23724.031     0.999997     13624492    374491.43
   23724.031     0.999998     13624492    436906.67
   23724.031     0.999998     13624492    524288.00
   23724.031     0.999998     13624492    582542.22
   23724.031     0.999998     13624492    655360.00
   23740.415     0.999999     13624511    748982.86
   23740.415     1.000000     13624511          inf
#[Mean    =    13338.075, StdDeviation   =     5608.764]
#[Max     =    23724.032, Total count    =     13624511]
#[Buckets =           27, SubBuckets     =         2048]
----------------------------------------------------------
  16365892 requests in 1.00m, 19.40GB read
Requests/sec: 272765.10
Transfer/sec:    331.14MB
