Running 1m test @ http://192.168.100.100:8080/exp1-1k.txt
  4 threads and 256 connections
  Thread calibration: mean lat.: 1794.886ms, rate sampling interval: 6463ms
  Thread calibration: mean lat.: 1720.579ms, rate sampling interval: 6688ms
  Thread calibration: mean lat.: 1737.464ms, rate sampling interval: 6750ms
  Thread calibration: mean lat.: 1818.007ms, rate sampling interval: 6893ms
  Thread Stats   Avg      Stdev     Max   +/- Stdev
    Latency    13.45s     5.61s   23.82s    57.76%
    Req/Sec    68.54k   674.82    69.60k    57.14%
  Latency Distribution (HdrHistogram - Recorded Latency)
 50.000%   13.45s 
 75.000%   18.32s 
 90.000%   21.23s 
 99.000%   23.00s 
 99.900%   23.38s 
 99.990%   23.66s 
 99.999%   23.79s 
100.000%   23.84s 

  Detailed Percentile spectrum:
       Value   Percentile   TotalCount 1/(1-Percentile)

    3489.791     0.000000            6         1.00
    5685.247     0.100000      1364030         1.11
    7606.271     0.200000      2724581         1.25
    9551.871     0.300000      4088557         1.43
   11493.375     0.400000      5448372         1.67
   13451.263     0.500000      6813972         2.00
   14417.919     0.550000      7493698         2.22
   15392.767     0.600000      8175917         2.50
   16375.807     0.650000      8853617         2.86
   17350.655     0.700000      9542300         3.33
   18317.311     0.750000     10215265         4.00
   18808.831     0.775000     10561209         4.44
   19283.967     0.800000     10894595         5.00
   19775.487     0.825000     11241917         5.71
   20250.623     0.850000     11576769         6.67
   20742.143     0.875000     11917388         8.00
   20987.903     0.887500     12088839         8.89
   21233.663     0.900000     12261111        10.00
   21479.423     0.912500     12436562        11.43
   21708.799     0.925000     12599407        13.33
   21954.559     0.937500     12771590        16.00
   22069.247     0.943750     12851675        17.78
   22200.319     0.950000     12943709        20.00
   22315.007     0.956250     13023518        22.86
   22446.079     0.962500     13114019        26.67
   22560.767     0.968750     13194245        32.00
   22626.303     0.971875     13240193        35.56
   22691.839     0.975000     13286238        40.00
   22740.991     0.978125     13320834        45.71
   22806.527     0.981250     13364876        53.33
   22872.063     0.984375     13407248        64.00
   22904.831     0.985938     13427274        71.11
   22953.983     0.987500     13455706        80.00
   22986.751     0.989062     13474132        91.43
   23019.519     0.990625     13491493       106.67
   23068.671     0.992188     13515549       128.00
   23085.055     0.992969     13522982       142.22
   23117.823     0.993750     13537102       160.00
   23134.207     0.994531     13543692       182.86
   23166.975     0.995313     13555918       213.33
   23199.743     0.996094     13566864       256.00
   23216.127     0.996484     13571654       284.44
   23232.511     0.996875     13576097       320.00
   23265.279     0.997266     13584021       365.71
   23281.663     0.997656     13587812       426.67
   23298.047     0.998047     13591265       512.00
   23314.431     0.998242     13594414       568.89
   23330.815     0.998437     13597288       640.00
   23347.199     0.998633     13599967       731.43
   23363.583     0.998828     13602287       853.33
   23379.967     0.999023     13604460      1024.00
   23396.351     0.999121     13606398      1137.78
   23412.735     0.999219     13608098      1280.00
   23429.119     0.999316     13609316      1462.86
   23445.503     0.999414     13610281      1706.67
   23461.887     0.999512     13611066      2048.00
   23478.271     0.999561     13611803      2275.56
   23494.655     0.999609     13612448      2560.00
   23511.039     0.999658     13613058      2925.71
   23543.807     0.999707     13614107      3413.33
   23560.191     0.999756     13614554      4096.00
   23576.575     0.999780     13614944      4551.11
   23592.959     0.999805     13615325      5120.00
   23609.343     0.999829     13615667      5851.43
   23609.343     0.999854     13615667      6826.67
   23642.111     0.999878     13616217      8192.00
   23642.111     0.999890     13616217      9102.22
   23658.495     0.999902     13616464     10240.00
   23674.879     0.999915     13616711     11702.86
   23674.879     0.999927     13616711     13653.33
   23691.263     0.999939     13616925     16384.00
   23691.263     0.999945     13616925     18204.44
   23707.647     0.999951     13617105     20480.00
   23707.647     0.999957     13617105     23405.71
   23724.031     0.999963     13617230     27306.67
   23740.415     0.999969     13617344     32768.00
   23740.415     0.999973     13617344     36408.89
   23740.415     0.999976     13617344     40960.00
   23756.799     0.999979     13617449     46811.43
   23756.799     0.999982     13617449     54613.33
   23756.799     0.999985     13617449     65536.00
   23773.183     0.999986     13617510     72817.78
   23773.183     0.999988     13617510     81920.00
   23789.567     0.999989     13617564     93622.86
   23789.567     0.999991     13617564    109226.67
   23789.567     0.999992     13617564    131072.00
   23789.567     0.999993     13617564    145635.56
   23805.951     0.999994     13617596    163840.00
   23805.951     0.999995     13617596    187245.71
   23805.951     0.999995     13617596    218453.33
   23822.335     0.999996     13617634    262144.00
   23822.335     0.999997     13617634    291271.11
   23822.335     0.999997     13617634    327680.00
   23822.335     0.999997     13617634    374491.43
   23822.335     0.999998     13617634    436906.67
   23822.335     0.999998     13617634    524288.00
   23822.335     0.999998     13617634    582542.22
   23838.719     0.999998     13617656    655360.00
   23838.719     1.000000     13617656          inf
#[Mean    =    13446.073, StdDeviation   =     5614.856]
#[Max     =    23822.336, Total count    =     13617656]
#[Buckets =           27, SubBuckets     =         2048]
----------------------------------------------------------
  16409032 requests in 1.00m, 19.45GB read
Requests/sec: 273484.97
Transfer/sec:    332.02MB
