Running 1m test @ http://192.168.100.1:8080/exp1-1k.txt
  4 threads and 256 connections
  Thread calibration: mean lat.: 1.290ms, rate sampling interval: 10ms
  Thread calibration: mean lat.: 1.256ms, rate sampling interval: 10ms
  Thread calibration: mean lat.: 1.330ms, rate sampling interval: 10ms
  Thread calibration: mean lat.: 1.348ms, rate sampling interval: 10ms
  Thread Stats   Avg      Stdev     Max   +/- Stdev
    Latency     1.28ms  582.94us   4.98ms   66.69%
    Req/Sec    39.62k     2.62k   48.78k    71.64%
  Latency Distribution (HdrHistogram - Recorded Latency)
 50.000%    1.22ms
 75.000%    1.66ms
 90.000%    2.10ms
 99.000%    2.75ms
 99.900%    3.09ms
 99.990%    3.75ms
 99.999%    4.42ms
100.000%    4.98ms

  Detailed Percentile spectrum:
       Value   Percentile   TotalCount 1/(1-Percentile)

       0.059     0.000000            1         1.00
       0.570     0.100000       747314         1.11
       0.751     0.200000      1492572         1.25
       0.914     0.300000      2237108         1.43
       1.069     0.400000      2981405         1.67
       1.221     0.500000      3727050         2.00
       1.299     0.550000      4101101         2.22
       1.380     0.600000      4474325         2.50
       1.465     0.650000      4846367         2.86
       1.556     0.700000      5216965         3.33
       1.656     0.750000      5589116         4.00
       1.711     0.775000      5775576         4.44
       1.770     0.800000      5962126         5.00
       1.835     0.825000      6149448         5.71
       1.907     0.850000      6334073         6.67
       1.992     0.875000      6521075         8.00
       2.041     0.887500      6613915         8.89
       2.097     0.900000      6709449        10.00
       2.157     0.912500      6799869        11.43
       2.227     0.925000      6892934        13.33
       2.305     0.937500      6987521        16.00
       2.345     0.943750      7033560        17.78
       2.387     0.950000      7080082        20.00
       2.431     0.956250      7127449        22.86
       2.475     0.962500      7172922        26.67
       2.523     0.968750      7219317        32.00
       2.549     0.971875      7243461        35.56
       2.575     0.975000      7266160        40.00
       2.605     0.978125      7290256        45.71
       2.635     0.981250      7312474        53.33
       2.671     0.984375      7336471        64.00
       2.689     0.985938      7347422        71.11
       2.711     0.987500      7359537        80.00
       2.733     0.989062      7370558        91.43
       2.759     0.990625      7382405       106.67
       2.789     0.992188      7394120       128.00
       2.805     0.992969      7399815       142.22
       2.823     0.993750      7405483       160.00
       2.843     0.994531      7411084       182.86
       2.867     0.995313      7417085       213.33
       2.895     0.996094      7422971       256.00
       2.909     0.996484      7425627       284.44
       2.927     0.996875      7428683       320.00
       2.947     0.997266      7431699       365.71
       2.967     0.997656      7434404       426.67
       2.993     0.998047      7437306       512.00
       3.009     0.998242      7438885       568.89
       3.025     0.998437      7440301       640.00
       3.043     0.998633      7441638       731.43
       3.067     0.998828      7443181       853.33
       3.093     0.999023      7444548      1024.00
       3.109     0.999121      7445279      1137.78
       3.129     0.999219      7446066      1280.00
       3.149     0.999316      7446759      1462.86
       3.173     0.999414      7447460      1706.67
       3.207     0.999512      7448219      2048.00
       3.225     0.999561      7448568      2275.56
       3.249     0.999609      7448926      2560.00
       3.281     0.999658      7449292      2925.71
       3.323     0.999707      7449643      3413.33
       3.391     0.999756      7450005      4096.00
       3.437     0.999780      7450190      4551.11
       3.487     0.999805      7450367      5120.00
       3.549     0.999829      7450548      5851.43
       3.617     0.999854      7450730      6826.67
       3.683     0.999878      7450914      8192.00
       3.717     0.999890      7451001      9102.22
       3.757     0.999902      7451093     10240.00
       3.805     0.999915      7451184     11702.86
       3.853     0.999927      7451279     13653.33
       3.907     0.999939      7451370     16384.00
       3.935     0.999945      7451411     18204.44
       3.963     0.999951      7451456     20480.00
       3.991     0.999957      7451501     23405.71
       4.037     0.999963      7451548     27306.67
       4.095     0.999969      7451593     32768.00
       4.127     0.999973      7451615     36408.89
       4.163     0.999976      7451641     40960.00
       4.195     0.999979      7451660     46811.43
       4.247     0.999982      7451684     54613.33
       4.323     0.999985      7451707     65536.00
       4.343     0.999986      7451719     72817.78
       4.383     0.999988      7451729     81920.00
       4.415     0.999989      7451740     93622.86
       4.455     0.999991      7451751    109226.67
       4.503     0.999992      7451764    131072.00
       4.507     0.999993      7451768    145635.56
       4.527     0.999994      7451775    163840.00
       4.547     0.999995      7451780    187245.71
       4.583     0.999995      7451786    218453.33
       4.607     0.999996      7451791    262144.00
       4.623     0.999997      7451794    291271.11
       4.643     0.999997      7451798    327680.00
       4.687     0.999997      7451800    374491.43
       4.715     0.999998      7451802    436906.67
       4.743     0.999998      7451806    524288.00
       4.747     0.999998      7451807    582542.22
       4.751     0.999998      7451808    655360.00
       4.771     0.999999      7451810    748982.86
       4.779     0.999999      7451811    873813.33
       4.843     0.999999      7451812   1048576.00
       4.851     0.999999      7451813   1165084.44
       4.855     0.999999      7451814   1310720.00
       4.859     0.999999      7451815   1497965.71
       4.859     0.999999      7451815   1747626.67
       4.891     1.000000      7451816   2097152.00
       4.891     1.000000      7451816   2330168.89
       4.907     1.000000      7451817   2621440.00
       4.907     1.000000      7451817   2995931.43
       4.907     1.000000      7451817   3495253.33
       4.919     1.000000      7451818   4194304.00
       4.919     1.000000      7451818   4660337.78
       4.919     1.000000      7451818   5242880.00
       4.919     1.000000      7451818   5991862.86
       4.919     1.000000      7451818   6990506.67
       4.983     1.000000      7451819   8388608.00
       4.983     1.000000      7451819          inf
#[Mean    =        1.283, StdDeviation   =        0.583]
#[Max     =        4.980, Total count    =      7451819]
#[Buckets =           27, SubBuckets     =         2048]
----------------------------------------------------------
  8944456 requests in 1.00m, 10.60GB read
Requests/sec: 149074.00
Transfer/sec:    180.98MB
