Running 1m test @ http://192.168.100.1:8080/exp1-1k.txt
  4 threads and 256 connections
  Thread calibration: mean lat.: 1.288ms, rate sampling interval: 10ms
  Thread calibration: mean lat.: 1.300ms, rate sampling interval: 10ms
  Thread calibration: mean lat.: 1.259ms, rate sampling interval: 10ms
  Thread calibration: mean lat.: 1.332ms, rate sampling interval: 10ms
  Thread Stats   Avg      Stdev     Max   +/- Stdev
    Latency     1.29ms  583.65us   6.65ms   66.63%
    Req/Sec    39.61k     2.65k   49.44k    72.80%
  Latency Distribution (HdrHistogram - Recorded Latency)
 50.000%    1.23ms
 75.000%    1.66ms
 90.000%    2.11ms
 99.000%    2.75ms
 99.900%    3.07ms
 99.990%    3.72ms
 99.999%    4.61ms
100.000%    6.66ms

  Detailed Percentile spectrum:
       Value   Percentile   TotalCount 1/(1-Percentile)

       0.058     0.000000            1         1.00
       0.573     0.100000       746620         1.11
       0.758     0.200000      1493439         1.25
       0.921     0.300000      2238692         1.43
       1.075     0.400000      2985040         1.67
       1.226     0.500000      3728014         2.00
       1.304     0.550000      4101904         2.22
       1.385     0.600000      4474589         2.50
       1.470     0.650000      4844714         2.86
       1.562     0.700000      5218154         3.33
       1.663     0.750000      5590189         4.00
       1.718     0.775000      5775244         4.44
       1.778     0.800000      5963045         5.00
       1.844     0.825000      6150321         5.71
       1.917     0.850000      6334126         6.67
       2.004     0.875000      6521806         8.00
       2.053     0.887500      6614091         8.89
       2.109     0.900000      6708777        10.00
       2.169     0.912500      6800178        11.43
       2.237     0.925000      6893732        13.33
       2.311     0.937500      6987140        16.00
       2.351     0.943750      7034907        17.78
       2.391     0.950000      7080894        20.00
       2.433     0.956250      7127513        22.86
       2.477     0.962500      7173701        26.67
       2.525     0.968750      7220819        32.00
       2.549     0.971875      7242733        35.56
       2.577     0.975000      7266408        40.00
       2.607     0.978125      7290221        45.71
       2.637     0.981250      7312167        53.33
       2.673     0.984375      7336115        64.00
       2.693     0.985938      7347974        71.11
       2.713     0.987500      7358943        80.00
       2.737     0.989062      7371061        91.43
       2.763     0.990625      7382707       106.67
       2.791     0.992188      7393892       128.00
       2.807     0.992969      7399522       142.22
       2.825     0.993750      7405280       160.00
       2.845     0.994531      7411325       182.86
       2.867     0.995313      7416954       213.33
       2.893     0.996094      7422753       256.00
       2.909     0.996484      7425996       284.44
       2.925     0.996875      7428833       320.00
       2.941     0.997266      7431451       365.71
       2.963     0.997656      7434611       426.67
       2.985     0.998047      7437354       512.00
       2.999     0.998242      7438836       568.89
       3.013     0.998437      7440230       640.00
       3.029     0.998633      7441666       731.43
       3.049     0.998828      7443108       853.33
       3.073     0.999023      7444605      1024.00
       3.087     0.999121      7445344      1137.78
       3.103     0.999219      7446062      1280.00
       3.121     0.999316      7446739      1462.86
       3.143     0.999414      7447475      1706.67
       3.169     0.999512      7448183      2048.00
       3.185     0.999561      7448564      2275.56
       3.203     0.999609      7448905      2560.00
       3.227     0.999658      7449281      2925.71
       3.257     0.999707      7449631      3413.33
       3.307     0.999756      7449995      4096.00
       3.341     0.999780      7450175      4551.11
       3.391     0.999805      7450356      5120.00
       3.451     0.999829      7450534      5851.43
       3.535     0.999854      7450722      6826.67
       3.635     0.999878      7450898      8192.00
       3.681     0.999890      7450993      9102.22
       3.727     0.999902      7451080     10240.00
       3.775     0.999915      7451172     11702.86
       3.829     0.999927      7451269     13653.33
       3.879     0.999939      7451353     16384.00
       3.913     0.999945      7451399     18204.44
       3.955     0.999951      7451446     20480.00
       3.985     0.999957      7451489     23405.71
       4.037     0.999963      7451535     27306.67
       4.131     0.999969      7451580     32768.00
       4.183     0.999973      7451607     36408.89
       4.239     0.999976      7451627     40960.00
       4.303     0.999979      7451649     46811.43
       4.363     0.999982      7451671     54613.33
       4.447     0.999985      7451695     65536.00
       4.483     0.999986      7451705     72817.78
       4.555     0.999988      7451717     81920.00
       4.603     0.999989      7451728     93622.86
       4.667     0.999991      7451739    109226.67
       4.707     0.999992      7451751    131072.00
       4.747     0.999993      7451756    145635.56
       4.791     0.999994      7451762    163840.00
       4.867     0.999995      7451768    187245.71
       4.947     0.999995      7451774    218453.33
       5.071     0.999996      7451779    262144.00
       5.195     0.999997      7451782    291271.11
       5.239     0.999997      7451785    327680.00
       5.279     0.999997      7451788    374491.43
       5.487     0.999998      7451790    436906.67
       5.611     0.999998      7451793    524288.00
       5.703     0.999998      7451795    582542.22
       5.747     0.999998      7451796    655360.00
       6.179     0.999999      7451798    748982.86
       6.215     0.999999      7451799    873813.33
       6.243     0.999999      7451800   1048576.00
       6.283     0.999999      7451802   1165084.44
       6.283     0.999999      7451802   1310720.00
       6.307     0.999999      7451803   1497965.71
       6.307     0.999999      7451803   1747626.67
       6.387     1.000000      7451804   2097152.00
       6.387     1.000000      7451804   2330168.89
       6.531     1.000000      7451805   2621440.00
       6.531     1.000000      7451805   2995931.43
       6.531     1.000000      7451805   3495253.33
       6.579     1.000000      7451806   4194304.00
       6.579     1.000000      7451806   4660337.78
       6.579     1.000000      7451806   5242880.00
       6.579     1.000000      7451806   5991862.86
       6.579     1.000000      7451806   6990506.67
       6.655     1.000000      7451807   8388608.00
       6.655     1.000000      7451807          inf
#[Mean    =        1.288, StdDeviation   =        0.584]
#[Max     =        6.652, Total count    =      7451807]
#[Buckets =           27, SubBuckets     =         2048]
----------------------------------------------------------
  8976192 requests in 1.00m, 10.64GB read
Requests/sec: 149600.11
Transfer/sec:    181.62MB
