Running 1m test @ http://192.168.100.1:8080/exp1-1k.txt
  4 threads and 256 connections
  Thread calibration: mean lat.: 1.260ms, rate sampling interval: 10ms
  Thread calibration: mean lat.: 1.291ms, rate sampling interval: 10ms
  Thread calibration: mean lat.: 1.339ms, rate sampling interval: 10ms
  Thread calibration: mean lat.: 1.331ms, rate sampling interval: 10ms
  Thread Stats   Avg      Stdev     Max   +/- Stdev
    Latency     1.29ms  587.66us   5.56ms   66.78%
    Req/Sec    39.62k     2.65k   49.44k    73.19%
  Latency Distribution (HdrHistogram - Recorded Latency)
 50.000%    1.23ms
 75.000%    1.66ms
 90.000%    2.12ms
 99.000%    2.76ms
 99.900%    3.11ms
 99.990%    3.81ms
 99.999%    4.67ms
100.000%    5.57ms

  Detailed Percentile spectrum:
       Value   Percentile   TotalCount 1/(1-Percentile)

       0.049     0.000000            1         1.00
       0.572     0.100000       748697         1.11
       0.756     0.200000      1493159         1.25
       0.920     0.300000      2236592         1.43
       1.075     0.400000      2981440         1.67
       1.227     0.500000      3729411         2.00
       1.305     0.550000      4102910         2.22
       1.385     0.600000      4471586         2.50
       1.471     0.650000      4845941         2.86
       1.563     0.700000      5219272         3.33
       1.664     0.750000      5591794         4.00
       1.719     0.775000      5776109         4.44
       1.779     0.800000      5963079         5.00
       1.845     0.825000      6148437         5.71
       1.920     0.850000      6335203         6.67
       2.008     0.875000      6522167         8.00
       2.059     0.887500      6615201         8.89
       2.115     0.900000      6706654        10.00
       2.179     0.912500      6800245        11.43
       2.251     0.925000      6895246        13.33
       2.327     0.937500      6987646        16.00
       2.367     0.943750      7034317        17.78
       2.407     0.950000      7079738        20.00
       2.449     0.956250      7126167        22.86
       2.493     0.962500      7172764        26.67
       2.541     0.968750      7220745        32.00
       2.565     0.971875      7243061        35.56
       2.591     0.975000      7265869        40.00
       2.619     0.978125      7288797        45.71
       2.651     0.981250      7312850        53.33
       2.685     0.984375      7335514        64.00
       2.705     0.985938      7347594        71.11
       2.725     0.987500      7358961        80.00
       2.747     0.989062      7370339        91.43
       2.773     0.990625      7382270       106.67
       2.803     0.992188      7394121       128.00
       2.819     0.992969      7399666       142.22
       2.837     0.993750      7405416       160.00
       2.857     0.994531      7411061       182.86
       2.881     0.995313      7416971       213.33
       2.909     0.996094      7422887       256.00
       2.925     0.996484      7425797       284.44
       2.943     0.996875      7428765       320.00
       2.961     0.997266      7431482       365.71
       2.983     0.997656      7434400       426.67
       3.009     0.998047      7437306       512.00
       3.025     0.998242      7438847       568.89
       3.041     0.998437      7440181       640.00
       3.061     0.998633      7441660       731.43
       3.085     0.998828      7443158       853.33
       3.113     0.999023      7444569      1024.00
       3.129     0.999121      7445291      1137.78
       3.147     0.999219      7446018      1280.00
       3.169     0.999316      7446742      1462.86
       3.195     0.999414      7447438      1706.67
       3.231     0.999512      7448162      2048.00
       3.257     0.999561      7448544      2275.56
       3.285     0.999609      7448898      2560.00
       3.327     0.999658      7449271      2925.71
       3.381     0.999707      7449618      3413.33
       3.457     0.999756      7449981      4096.00
       3.501     0.999780      7450162      4551.11
       3.553     0.999805      7450344      5120.00
       3.629     0.999829      7450528      5851.43
       3.695     0.999854      7450708      6826.67
       3.753     0.999878      7450892      8192.00
       3.789     0.999890      7450981      9102.22
       3.819     0.999902      7451077     10240.00
       3.855     0.999915      7451164     11702.86
       3.899     0.999927      7451255     13653.33
       3.959     0.999939      7451346     16384.00
       3.995     0.999945      7451390     18204.44
       4.031     0.999951      7451440     20480.00
       4.065     0.999957      7451480     23405.71
       4.115     0.999963      7451527     27306.67
       4.203     0.999969      7451572     32768.00
       4.243     0.999973      7451594     36408.89
       4.295     0.999976      7451617     40960.00
       4.351     0.999979      7451639     46811.43
       4.423     0.999982      7451662     54613.33
       4.539     0.999985      7451685     65536.00
       4.567     0.999986      7451696     72817.78
       4.599     0.999988      7451709     81920.00
       4.631     0.999989      7451719     93622.86
       4.691     0.999991      7451731    109226.67
       4.715     0.999992      7451742    131072.00
       4.755     0.999993      7451747    145635.56
       4.791     0.999994      7451755    163840.00
       4.827     0.999995      7451760    187245.71
       4.839     0.999995      7451764    218453.33
       4.887     0.999996      7451770    262144.00
       4.907     0.999997      7451774    291271.11
       4.927     0.999997      7451776    327680.00
       4.935     0.999997      7451779    374491.43
       4.947     0.999998      7451781    436906.67
       4.971     0.999998      7451785    524288.00
       4.975     0.999998      7451787    582542.22
       4.975     0.999998      7451787    655360.00
       5.027     0.999999      7451789    748982.86
       5.043     0.999999      7451790    873813.33
       5.047     0.999999      7451791   1048576.00
       5.055     0.999999      7451792   1165084.44
       5.079     0.999999      7451793   1310720.00
       5.103     0.999999      7451794   1497965.71
       5.103     0.999999      7451794   1747626.67
       5.107     1.000000      7451795   2097152.00
       5.107     1.000000      7451795   2330168.89
       5.303     1.000000      7451796   2621440.00
       5.303     1.000000      7451796   2995931.43
       5.303     1.000000      7451796   3495253.33
       5.363     1.000000      7451797   4194304.00
       5.363     1.000000      7451797   4660337.78
       5.363     1.000000      7451797   5242880.00
       5.363     1.000000      7451797   5991862.86
       5.363     1.000000      7451797   6990506.67
       5.567     1.000000      7451798   8388608.00
       5.567     1.000000      7451798          inf
#[Mean    =        1.290, StdDeviation   =        0.588]
#[Max     =        5.564, Total count    =      7451798]
#[Buckets =           27, SubBuckets     =         2048]
----------------------------------------------------------
  8976172 requests in 1.00m, 10.64GB read
Requests/sec: 149602.04
Transfer/sec:    181.62MB
