Running 1m test @ http://192.168.100.1:8080/exp1-1k.txt
  4 threads and 256 connections
  Thread calibration: mean lat.: 1.327ms, rate sampling interval: 10ms
  Thread calibration: mean lat.: 1.342ms, rate sampling interval: 10ms
  Thread calibration: mean lat.: 1.279ms, rate sampling interval: 10ms
  Thread calibration: mean lat.: 1.330ms, rate sampling interval: 10ms
  Thread Stats   Avg      Stdev     Max   +/- Stdev
    Latency     1.29ms  585.79us   5.25ms   66.71%
    Req/Sec    39.60k     2.63k   48.78k    73.43%
  Latency Distribution (HdrHistogram - Recorded Latency)
 50.000%    1.23ms
 75.000%    1.66ms
 90.000%    2.11ms
 99.000%    2.76ms
 99.900%    3.11ms
 99.990%    3.79ms
 99.999%    4.38ms
100.000%    5.26ms

  Detailed Percentile spectrum:
       Value   Percentile   TotalCount 1/(1-Percentile)

       0.056     0.000000            3         1.00
       0.573     0.100000       748091         1.11
       0.756     0.200000      1494107         1.25
       0.919     0.300000      2239148         1.43
       1.073     0.400000      2982125         1.67
       1.225     0.500000      3729033         2.00
       1.303     0.550000      4101624         2.22
       1.384     0.600000      4473318         2.50
       1.470     0.650000      4847342         2.86
       1.561     0.700000      5217419         3.33
       1.662     0.750000      5590912         4.00
       1.717     0.775000      5775412         4.44
       1.778     0.800000      5964150         5.00
       1.844     0.825000      6150244         5.71
       1.918     0.850000      6334581         6.67
       2.005     0.875000      6520661         8.00
       2.057     0.887500      6616583         8.89
       2.113     0.900000      6709580        10.00
       2.175     0.912500      6801778        11.43
       2.243     0.925000      6893511        13.33
       2.319     0.937500      6987545        16.00
       2.359     0.943750      7034737        17.78
       2.399     0.950000      7080243        20.00
       2.441     0.956250      7127003        22.86
       2.485     0.962500      7173801        26.67
       2.531     0.968750      7219674        32.00
       2.557     0.971875      7243450        35.56
       2.583     0.975000      7266296        40.00
       2.613     0.978125      7290487        45.71
       2.643     0.981250      7312673        53.33
       2.679     0.984375      7336375        64.00
       2.697     0.985938      7347371        71.11
       2.719     0.987500      7359590        80.00
       2.741     0.989062      7370714        91.43
       2.767     0.990625      7382445       106.67
       2.797     0.992188      7394108       128.00
       2.813     0.992969      7399616       142.22
       2.831     0.993750      7405351       160.00
       2.853     0.994531      7411348       182.86
       2.877     0.995313      7417195       213.33
       2.905     0.996094      7423123       256.00
       2.921     0.996484      7426002       284.44
       2.937     0.996875      7428685       320.00
       2.957     0.997266      7431648       365.71
       2.979     0.997656      7434464       426.67
       3.007     0.998047      7437488       512.00
       3.023     0.998242      7438994       568.89
       3.039     0.998437      7440406       640.00
       3.059     0.998633      7441874       731.43
       3.081     0.998828      7443246       853.33
       3.109     0.999023      7444673      1024.00
       3.125     0.999121      7445409      1137.78
       3.143     0.999219      7446106      1280.00
       3.167     0.999316      7446881      1462.86
       3.193     0.999414      7447574      1706.67
       3.229     0.999512      7448312      2048.00
       3.251     0.999561      7448679      2275.56
       3.277     0.999609      7449036      2560.00
       3.309     0.999658      7449381      2925.71
       3.359     0.999707      7449751      3413.33
       3.433     0.999756      7450113      4096.00
       3.479     0.999780      7450294      4551.11
       3.535     0.999805      7450474      5120.00
       3.591     0.999829      7450658      5851.43
       3.653     0.999854      7450836      6826.67
       3.725     0.999878      7451017      8192.00
       3.757     0.999890      7451108      9102.22
       3.793     0.999902      7451200     10240.00
       3.829     0.999915      7451288     11702.86
       3.871     0.999927      7451380     13653.33
       3.913     0.999939      7451472     16384.00
       3.933     0.999945      7451515     18204.44
       3.963     0.999951      7451563     20480.00
       3.997     0.999957      7451607     23405.71
       4.037     0.999963      7451656     27306.67
       4.079     0.999969      7451698     32768.00
       4.107     0.999973      7451721     36408.89
       4.143     0.999976      7451745     40960.00
       4.171     0.999979      7451769     46811.43
       4.223     0.999982      7451788     54613.33
       4.291     0.999985      7451811     65536.00
       4.319     0.999986      7451823     72817.78
       4.339     0.999988      7451834     81920.00
       4.367     0.999989      7451845     93622.86
       4.403     0.999991      7451857    109226.67
       4.447     0.999992      7451868    131072.00
       4.463     0.999993      7451873    145635.56
       4.503     0.999994      7451879    163840.00
       4.531     0.999995      7451885    187245.71
       4.555     0.999995      7451891    218453.33
       4.579     0.999996      7451897    262144.00
       4.599     0.999997      7451899    291271.11
       4.611     0.999997      7451903    327680.00
       4.623     0.999997      7451905    374491.43
       4.631     0.999998      7451907    436906.67
       4.651     0.999998      7451910    524288.00
       4.663     0.999998      7451913    582542.22
       4.663     0.999998      7451913    655360.00
       4.707     0.999999      7451915    748982.86
       4.715     0.999999      7451916    873813.33
       4.719     0.999999      7451917   1048576.00
       4.723     0.999999      7451918   1165084.44
       4.759     0.999999      7451919   1310720.00
       4.771     0.999999      7451920   1497965.71
       4.771     0.999999      7451920   1747626.67
       4.803     1.000000      7451921   2097152.00
       4.803     1.000000      7451921   2330168.89
       4.831     1.000000      7451922   2621440.00
       4.831     1.000000      7451922   2995931.43
       4.831     1.000000      7451922   3495253.33
       4.959     1.000000      7451923   4194304.00
       4.959     1.000000      7451923   4660337.78
       4.959     1.000000      7451923   5242880.00
       4.959     1.000000      7451923   5991862.86
       4.959     1.000000      7451923   6990506.67
       5.255     1.000000      7451924   8388608.00
       5.255     1.000000      7451924          inf
#[Mean    =        1.288, StdDeviation   =        0.586]
#[Max     =        5.252, Total count    =      7451924]
#[Buckets =           27, SubBuckets     =         2048]
----------------------------------------------------------
  8976284 requests in 1.00m, 10.64GB read
Requests/sec: 149602.31
Transfer/sec:    181.62MB
