Running 1m test @ http://192.168.100.1:8080/exp1-1k.txt
  4 threads and 256 connections
  Thread calibration: mean lat.: 1.435ms, rate sampling interval: 10ms
  Thread calibration: mean lat.: 1.312ms, rate sampling interval: 10ms
  Thread calibration: mean lat.: 1.347ms, rate sampling interval: 10ms
  Thread calibration: mean lat.: 1.352ms, rate sampling interval: 10ms
  Thread Stats   Avg      Stdev     Max   +/- Stdev
    Latency     1.30ms  587.88us   6.66ms   66.79%
    Req/Sec    39.58k     2.64k   49.22k    72.34%
  Latency Distribution (HdrHistogram - Recorded Latency)
 50.000%    1.23ms
 75.000%    1.67ms
 90.000%    2.13ms
 99.000%    2.77ms
 99.900%    3.16ms
 99.990%    4.47ms
 99.999%    5.53ms
100.000%    6.66ms

  Detailed Percentile spectrum:
       Value   Percentile   TotalCount 1/(1-Percentile)

       0.051     0.000000            1         1.00
       0.582     0.100000       748330         1.11
       0.769     0.200000      1491510         1.25
       0.932     0.300000      2237837         1.43
       1.083     0.400000      2981471         1.67
       1.233     0.500000      3727411         2.00
       1.311     0.550000      4101725         2.22
       1.392     0.600000      4472795         2.50
       1.479     0.650000      4847624         2.86
       1.572     0.700000      5217712         3.33
       1.675     0.750000      5590050         4.00
       1.732     0.775000      5776766         4.44
       1.793     0.800000      5961516         5.00
       1.861     0.825000      6149172         5.71
       1.937     0.850000      6335531         6.67
       2.024     0.875000      6520985         8.00
       2.075     0.887500      6617137         8.89
       2.129     0.900000      6709279        10.00
       2.189     0.912500      6802267        11.43
       2.253     0.925000      6893467        13.33
       2.325     0.937500      6988102        16.00
       2.361     0.943750      7032797        17.78
       2.401     0.950000      7080148        20.00
       2.443     0.956250      7127685        22.86
       2.487     0.962500      7174335        26.67
       2.533     0.968750      7219504        32.00
       2.559     0.971875      7242733        35.56
       2.587     0.975000      7266174        40.00
       2.617     0.978125      7289708        45.71
       2.649     0.981250      7312399        53.33
       2.687     0.984375      7336433        64.00
       2.707     0.985938      7347641        71.11
       2.729     0.987500      7359162        80.00
       2.753     0.989062      7370639        91.43
       2.781     0.990625      7382591       106.67
       2.811     0.992188      7393702       128.00
       2.829     0.992969      7399574       142.22
       2.849     0.993750      7405352       160.00
       2.871     0.994531      7411177       182.86
       2.897     0.995313      7417021       213.33
       2.927     0.996094      7422791       256.00
       2.945     0.996484      7425815       284.44
       2.965     0.996875      7428802       320.00
       2.985     0.997266      7431533       365.71
       3.011     0.997656      7434470       426.67
       3.041     0.998047      7437377       512.00
       3.059     0.998242      7438885       568.89
       3.079     0.998437      7440218       640.00
       3.103     0.998633      7441707       731.43
       3.131     0.998828      7443139       853.33
       3.167     0.999023      7444595      1024.00
       3.189     0.999121      7445362      1137.78
       3.215     0.999219      7446086      1280.00
       3.247     0.999316      7446803      1462.86
       3.291     0.999414      7447511      1706.67
       3.357     0.999512      7448234      2048.00
       3.409     0.999561      7448599      2275.56
       3.473     0.999609      7448950      2560.00
       3.551     0.999658      7449315      2925.71
       3.643     0.999707      7449678      3413.33
       3.757     0.999756      7450039      4096.00
       3.825     0.999780      7450221      4551.11
       3.911     0.999805      7450406      5120.00
       4.017     0.999829      7450588      5851.43
       4.147     0.999854      7450768      6826.67
       4.319     0.999878      7450950      8192.00
       4.395     0.999890      7451040      9102.22
       4.491     0.999902      7451138     10240.00
       4.583     0.999915      7451227     11702.86
       4.691     0.999927      7451313     13653.33
       4.823     0.999939      7451408     16384.00
       4.871     0.999945      7451449     18204.44
       4.935     0.999951      7451498     20480.00
       5.015     0.999957      7451542     23405.71
       5.079     0.999963      7451586     27306.67
       5.159     0.999969      7451631     32768.00
       5.207     0.999973      7451654     36408.89
       5.267     0.999976      7451677     40960.00
       5.323     0.999979      7451699     46811.43
       5.371     0.999982      7451724     54613.33
       5.419     0.999985      7451745     65536.00
       5.443     0.999986      7451756     72817.78
       5.491     0.999988      7451768     81920.00
       5.527     0.999989      7451780     93622.86
       5.551     0.999991      7451790    109226.67
       5.607     0.999992      7451802    131072.00
       5.627     0.999993      7451807    145635.56
       5.651     0.999994      7451814    163840.00
       5.671     0.999995      7451820    187245.71
       5.687     0.999995      7451824    218453.33
       5.727     0.999996      7451830    262144.00
       5.791     0.999997      7451833    291271.11
       5.819     0.999997      7451836    327680.00
       5.859     0.999997      7451839    374491.43
       5.903     0.999998      7451842    436906.67
       5.975     0.999998      7451844    524288.00
       5.991     0.999998      7451846    582542.22
       6.003     0.999998      7451847    655360.00
       6.023     0.999999      7451849    748982.86
       6.031     0.999999      7451850    873813.33
       6.047     0.999999      7451851   1048576.00
       6.055     0.999999      7451852   1165084.44
       6.147     0.999999      7451853   1310720.00
       6.219     0.999999      7451854   1497965.71
       6.219     0.999999      7451854   1747626.67
       6.283     1.000000      7451855   2097152.00
       6.283     1.000000      7451855   2330168.89
       6.339     1.000000      7451856   2621440.00
       6.339     1.000000      7451856   2995931.43
       6.339     1.000000      7451856   3495253.33
       6.451     1.000000      7451857   4194304.00
       6.451     1.000000      7451857   4660337.78
       6.451     1.000000      7451857   5242880.00
       6.451     1.000000      7451857   5991862.86
       6.451     1.000000      7451857   6990506.67
       6.663     1.000000      7451858   8388608.00
       6.663     1.000000      7451858          inf
#[Mean    =        1.299, StdDeviation   =        0.588]
#[Max     =        6.660, Total count    =      7451858]
#[Buckets =           27, SubBuckets     =         2048]
----------------------------------------------------------
  8912810 requests in 1.00m, 10.57GB read
Requests/sec: 148547.37
Transfer/sec:    180.34MB
