Running 1m test @ http://192.168.100.1:8080/exp1-1k.txt
  4 threads and 256 connections
  Thread calibration: mean lat.: 2025.213ms, rate sampling interval: 7331ms
  Thread calibration: mean lat.: 1994.748ms, rate sampling interval: 7671ms
  Thread calibration: mean lat.: 2016.306ms, rate sampling interval: 7684ms
  Thread calibration: mean lat.: 2067.120ms, rate sampling interval: 7864ms
  Thread Stats   Avg      Stdev     Max   +/- Stdev
    Latency    15.25s     6.34s   26.79s    57.71%
    Req/Sec    69.74k   745.90    71.21k    75.00%
  Latency Distribution (HdrHistogram - Recorded Latency)
 50.000%   15.25s 
 75.000%   20.74s 
 90.000%   24.04s 
 99.000%   26.03s 
 99.900%   26.39s 
 99.990%   26.57s 
 99.999%   26.74s 
100.000%   26.80s 

  Detailed Percentile spectrum:
       Value   Percentile   TotalCount 1/(1-Percentile)

    3954.687     0.000000            2         1.00
    6467.583     0.100000      1388463         1.11
    8667.135     0.200000      2775083         1.25
   10862.591     0.300000      4158319         1.43
   13066.239     0.400000      5547671         1.67
   15253.503     0.500000      6931051         2.00
   16351.231     0.550000      7626766         2.22
   17448.959     0.600000      8323538         2.50
   18546.687     0.650000      9013896         2.86
   19644.415     0.700000      9707290         3.33
   20742.143     0.750000     10401946         4.00
   21299.199     0.775000     10747430         4.44
   21856.255     0.800000     11097436         5.00
   22396.927     0.825000     11444625         5.71
   22937.599     0.850000     11786252         6.67
   23478.271     0.875000     12128487         8.00
   23756.799     0.887500     12305393         8.89
   24035.327     0.900000     12479456        10.00
   24313.855     0.912500     12654540        11.43
   24575.999     0.925000     12821283        13.33
   24854.527     0.937500     12995634        16.00
   25001.983     0.943750     13087348        17.78
   25133.055     0.950000     13169079        20.00
   25280.511     0.956250     13263592        22.86
   25411.583     0.962500     13345603        26.67
   25559.039     0.968750     13436794        32.00
   25624.575     0.971875     13477469        35.56
   25690.111     0.975000     13518881        40.00
   25755.647     0.978125     13560220        45.71
   25821.183     0.981250     13601113        53.33
   25903.103     0.984375     13649843        64.00
   25935.871     0.985938     13668907        71.11
   25968.639     0.987500     13687402        80.00
   26017.791     0.989062     13714328        91.43
   26050.559     0.990625     13731458       106.67
   26099.711     0.992188     13755477       128.00
   26116.095     0.992969     13763141       142.22
   26148.863     0.993750     13777725       160.00
   26165.247     0.994531     13784442       182.86
   26198.015     0.995313     13797290       213.33
   26230.783     0.996094     13808554       256.00
   26247.167     0.996484     13813567       284.44
   26263.551     0.996875     13818316       320.00
   26279.935     0.997266     13822831       365.71
   26312.703     0.997656     13830797       426.67
   26329.087     0.998047     13834409       512.00
   26345.471     0.998242     13837867       568.89
   26361.855     0.998437     13841185       640.00
   26378.239     0.998633     13844187       731.43
   26378.239     0.998828     13844187       853.33
   26394.623     0.999023     13846892      1024.00
   26411.007     0.999121     13849261      1137.78
   26427.391     0.999219     13851272      1280.00
   26427.391     0.999316     13851272      1462.86
   26443.775     0.999414     13852917      1706.67
   26460.159     0.999512     13854297      2048.00
   26460.159     0.999561     13854297      2275.56
   26476.543     0.999609     13855445      2560.00
   26476.543     0.999658     13855445      2925.71
   26492.927     0.999707     13856338      3413.33
   26509.311     0.999756     13856981      4096.00
   26525.695     0.999780     13857489      4551.11
   26525.695     0.999805     13857489      5120.00
   26542.079     0.999829     13857977      5851.43
   26558.463     0.999854     13858430      6826.67
   26574.847     0.999878     13858844      8192.00
   26574.847     0.999890     13858844      9102.22
   26574.847     0.999902     13858844     10240.00
   26591.231     0.999915     13859203     11702.86
   26591.231     0.999927     13859203     13653.33
   26607.615     0.999939     13859495     16384.00
   26607.615     0.999945     13859495     18204.44
   26607.615     0.999951     13859495     20480.00
   26623.999     0.999957     13859633     23405.71
   26640.383     0.999963     13859756     27306.67
   26640.383     0.999969     13859756     32768.00
   26656.767     0.999973     13859814     36408.89
   26673.151     0.999976     13859862     40960.00
   26689.535     0.999979     13859908     46811.43
   26705.919     0.999982     13859955     54613.33
   26705.919     0.999985     13859955     65536.00
   26722.303     0.999986     13860001     72817.78
   26722.303     0.999988     13860001     81920.00
   26738.687     0.999989     13860046     93622.86
   26738.687     0.999991     13860046    109226.67
   26755.071     0.999992     13860085    131072.00
   26755.071     0.999993     13860085    145635.56
   26755.071     0.999994     13860085    163840.00
   26771.455     0.999995     13860119    187245.71
   26771.455     0.999995     13860119    218453.33
   26771.455     0.999996     13860119    262144.00
   26771.455     0.999997     13860119    291271.11
   26787.839     0.999997     13860150    327680.00
   26787.839     0.999997     13860150    374491.43
   26787.839     0.999998     13860150    436906.67
   26787.839     0.999998     13860150    524288.00
   26787.839     0.999998     13860150    582542.22
   26787.839     0.999998     13860150    655360.00
   26787.839     0.999999     13860150    748982.86
   26787.839     0.999999     13860150    873813.33
   26804.223     0.999999     13860164   1048576.00
   26804.223     1.000000     13860164          inf
#[Mean    =    15249.477, StdDeviation   =     6338.990]
#[Max     =    26787.840, Total count    =     13860164]
#[Buckets =           27, SubBuckets     =         2048]
----------------------------------------------------------
  16700978 requests in 1.00m, 19.80GB read
Requests/sec: 278350.73
Transfer/sec:    337.92MB
