Running 1m test @ http://192.168.100.1:8080/exp1-1k.txt
  4 threads and 256 connections
  Thread calibration: mean lat.: 2179.422ms, rate sampling interval: 8015ms
  Thread calibration: mean lat.: 2248.331ms, rate sampling interval: 8122ms
  Thread calibration: mean lat.: 2149.302ms, rate sampling interval: 7847ms
  Thread calibration: mean lat.: 2257.848ms, rate sampling interval: 8171ms
  Thread Stats   Avg      Stdev     Max   +/- Stdev
    Latency    15.48s     6.35s   27.23s    57.73%
    Req/Sec    69.60k   770.66    71.14k    75.00%
  Latency Distribution (HdrHistogram - Recorded Latency)
 50.000%   15.50s 
 75.000%   20.99s 
 90.000%   24.30s 
 99.000%   26.30s 
 99.900%   26.69s 
 99.990%   26.95s 
 99.999%   27.18s 
100.000%   27.25s 

  Detailed Percentile spectrum:
       Value   Percentile   TotalCount 1/(1-Percentile)

    4268.031     0.000000           13         1.00
    6672.383     0.100000      1385316         1.11
    8888.319     0.200000      2769717         1.25
   11100.159     0.300000      4153496         1.43
   13295.615     0.400000      5534436         1.67
   15499.263     0.500000      6917661         2.00
   16605.183     0.550000      7610425         2.22
   17694.719     0.600000      8303273         2.50
   18792.447     0.650000      8997099         2.86
   19890.175     0.700000      9687133         3.33
   20987.903     0.750000     10377935         4.00
   21544.959     0.775000     10725964         4.44
   22085.631     0.800000     11066605         5.00
   22642.687     0.825000     11419809         5.71
   23183.359     0.850000     11758932         6.67
   23740.415     0.875000     12111383         8.00
   24018.943     0.887500     12283325         8.89
   24297.471     0.900000     12457322        10.00
   24559.615     0.912500     12624591        11.43
   24838.143     0.925000     12801693        13.33
   25100.287     0.937500     12967947        16.00
   25247.743     0.943750     13062034        17.78
   25378.815     0.950000     13144016        20.00
   25526.271     0.956250     13235717        22.86
   25657.343     0.962500     13316933        26.67
   25804.799     0.968750     13408716        32.00
   25870.335     0.971875     13449483        35.56
   25935.871     0.975000     13490126        40.00
   26001.407     0.978125     13530497        45.71
   26083.327     0.981250     13579405        53.33
   26148.863     0.984375     13616851        64.00
   26198.015     0.985938     13644397        71.11
   26230.783     0.987500     13662726        80.00
   26263.551     0.989062     13680563        91.43
   26312.703     0.990625     13706032       106.67
   26361.855     0.992188     13729139       128.00
   26378.239     0.992969     13736370       142.22
   26411.007     0.993750     13750191       160.00
   26427.391     0.994531     13756679       182.86
   26460.159     0.995313     13768546       213.33
   26492.927     0.996094     13779364       256.00
   26509.311     0.996484     13784398       284.44
   26525.695     0.996875     13788900       320.00
   26542.079     0.997266     13793125       365.71
   26574.847     0.997656     13800456       426.67
   26607.615     0.998047     13806614       512.00
   26607.615     0.998242     13806614       568.89
   26623.999     0.998437     13809327       640.00
   26640.383     0.998633     13811947       731.43
   26673.151     0.998828     13816647       853.33
   26689.535     0.999023     13818459      1024.00
   26705.919     0.999121     13820021      1137.78
   26705.919     0.999219     13820021      1280.00
   26722.303     0.999316     13821440      1462.86
   26755.071     0.999414     13823657      1706.67
   26771.455     0.999512     13824491      2048.00
   26787.839     0.999561     13825269      2275.56
   26804.223     0.999609     13825994      2560.00
   26820.607     0.999658     13826736      2925.71
   26836.991     0.999707     13827384      3413.33
   26853.375     0.999756     13827903      4096.00
   26853.375     0.999780     13827903      4551.11
   26869.759     0.999805     13828287      5120.00
   26886.143     0.999829     13828557      5851.43
   26902.527     0.999854     13828843      6826.67
   26935.295     0.999878     13829329      8192.00
   26935.295     0.999890     13829329      9102.22
   26951.679     0.999902     13829493     10240.00
   26968.063     0.999915     13829635     11702.86
   27000.831     0.999927     13829911     13653.33
   27017.215     0.999939     13830045     16384.00
   27017.215     0.999945     13830045     18204.44
   27033.599     0.999951     13830157     20480.00
   27049.983     0.999957     13830256     23405.71
   27066.367     0.999963     13830329     27306.67
   27082.751     0.999969     13830393     32768.00
   27099.135     0.999973     13830450     36408.89
   27115.519     0.999976     13830507     40960.00
   27115.519     0.999979     13830507     46811.43
   27131.903     0.999982     13830566     54613.33
   27148.287     0.999985     13830626     65536.00
   27148.287     0.999986     13830626     72817.78
   27164.671     0.999988     13830654     81920.00
   27164.671     0.999989     13830654     93622.86
   27181.055     0.999991     13830685    109226.67
   27197.439     0.999992     13830715    131072.00
   27197.439     0.999993     13830715    145635.56
   27213.823     0.999994     13830746    163840.00
   27213.823     0.999995     13830746    187245.71
   27213.823     0.999995     13830746    218453.33
   27230.207     0.999996     13830777    262144.00
   27230.207     0.999997     13830777    291271.11
   27230.207     0.999997     13830777    327680.00
   27230.207     0.999997     13830777    374491.43
   27230.207     0.999998     13830777    436906.67
   27230.207     0.999998     13830777    524288.00
   27246.591     0.999998     13830801    582542.22
   27246.591     1.000000     13830801          inf
#[Mean    =    15483.018, StdDeviation   =     6354.592]
#[Max     =    27230.208, Total count    =     13830801]
#[Buckets =           27, SubBuckets     =         2048]
----------------------------------------------------------
  16674942 requests in 1.00m, 19.77GB read
Requests/sec: 277916.25
Transfer/sec:    337.40MB
