Running 1m test @ http://192.168.100.1:8080/exp1-1k.txt
  4 threads and 256 connections
  Thread calibration: mean lat.: 2179.170ms, rate sampling interval: 8032ms
  Thread calibration: mean lat.: 2184.257ms, rate sampling interval: 7970ms
  Thread calibration: mean lat.: 2183.646ms, rate sampling interval: 7938ms
  Thread calibration: mean lat.: 2278.880ms, rate sampling interval: 8265ms
  Thread Stats   Avg      Stdev     Max   +/- Stdev
    Latency    15.52s     6.37s   27.26s    57.82%
    Req/Sec    69.41k   538.79    70.65k    66.67%
  Latency Distribution (HdrHistogram - Recorded Latency)
 50.000%   15.52s 
 75.000%   21.04s 
 90.000%   24.36s 
 99.000%   26.36s 
 99.900%   26.74s 
 99.990%   26.97s 
 99.999%   27.21s 
100.000%   27.28s 

  Detailed Percentile spectrum:
       Value   Percentile   TotalCount 1/(1-Percentile)

    4239.359     0.000000            6         1.00
    6684.671     0.100000      1380264         1.11
    8904.703     0.200000      2761065         1.25
   11108.351     0.300000      4139460         1.43
   13311.999     0.400000      5519952         1.67
   15515.647     0.500000      6899048         2.00
   16621.567     0.550000      7591908         2.22
   17727.487     0.600000      8282860         2.50
   18841.599     0.650000      8978347         2.86
   19922.943     0.700000      9659609         3.33
   21037.055     0.750000     10351288         4.00
   21594.111     0.775000     10699349         4.44
   22151.167     0.800000     11045965         5.00
   22691.839     0.825000     11385261         5.71
   23248.895     0.850000     11734296         6.67
   23805.951     0.875000     12074178         8.00
   24084.479     0.887500     12246147         8.89
   24363.007     0.900000     12419706        10.00
   24641.535     0.912500     12595469        11.43
   24920.063     0.925000     12768680        13.33
   25198.591     0.937500     12941552        16.00
   25329.663     0.943750     13025092        17.78
   25460.735     0.950000     13110202        20.00
   25608.191     0.956250     13203723        22.86
   25739.263     0.962500     13284840        26.67
   25886.719     0.968750     13375524        32.00
   25952.255     0.971875     13415870        35.56
   26017.791     0.975000     13457084        40.00
   26083.327     0.978125     13498086        45.71
   26165.247     0.981250     13548995        53.33
   26230.783     0.984375     13588749        64.00
   26263.551     0.985938     13608378        71.11
   26296.319     0.987500     13627636        80.00
   26345.471     0.989062     13655576        91.43
   26378.239     0.990625     13673158       106.67
   26427.391     0.992188     13697502       128.00
   26443.775     0.992969     13705326       142.22
   26460.159     0.993750     13712749       160.00
   26492.927     0.994531     13726457       182.86
   26525.695     0.995313     13738911       213.33
   26542.079     0.996094     13744672       256.00
   26558.463     0.996484     13750034       284.44
   26574.847     0.996875     13754760       320.00
   26607.615     0.997266     13762969       365.71
   26623.999     0.997656     13766458       426.67
   26656.767     0.998047     13772925       512.00
   26673.151     0.998242     13775897       568.89
   26689.535     0.998437     13778690       640.00
   26705.919     0.998633     13781172       731.43
   26722.303     0.998828     13783397       853.33
   26738.687     0.999023     13785366      1024.00
   26755.071     0.999121     13787158      1137.78
   26755.071     0.999219     13787158      1280.00
   26771.455     0.999316     13788804      1462.86
   26787.839     0.999414     13790218      1706.67
   26804.223     0.999512     13791406      2048.00
   26820.607     0.999561     13792446      2275.56
   26820.607     0.999609     13792446      2560.00
   26836.991     0.999658     13793298      2925.71
   26853.375     0.999707     13793991      3413.33
   26869.759     0.999756     13794526      4096.00
   26886.143     0.999780     13795002      4551.11
   26902.527     0.999805     13795378      5120.00
   26902.527     0.999829     13795378      5851.43
   26935.295     0.999854     13795920      6826.67
   26951.679     0.999878     13796170      8192.00
   26968.063     0.999890     13796352      9102.22
   26984.447     0.999902     13796523     10240.00
   27000.831     0.999915     13796687     11702.86
   27017.215     0.999927     13796856     13653.33
   27033.599     0.999939     13796999     16384.00
   27033.599     0.999945     13796999     18204.44
   27049.983     0.999951     13797128     20480.00
   27066.367     0.999957     13797233     23405.71
   27066.367     0.999963     13797233     27306.67
   27082.751     0.999969     13797313     32768.00
   27099.135     0.999973     13797377     36408.89
   27115.519     0.999976     13797411     40960.00
   27131.903     0.999979     13797444     46811.43
   27148.287     0.999982     13797477     54613.33
   27164.671     0.999985     13797510     65536.00
   27181.055     0.999986     13797542     72817.78
   27197.439     0.999988     13797576     81920.00
   27197.439     0.999989     13797576     93622.86
   27213.823     0.999991     13797608    109226.67
   27230.207     0.999992     13797642    131072.00
   27230.207     0.999993     13797642    145635.56
   27230.207     0.999994     13797642    163840.00
   27246.591     0.999995     13797673    187245.71
   27246.591     0.999995     13797673    218453.33
   27246.591     0.999996     13797673    262144.00
   27246.591     0.999997     13797673    291271.11
   27262.975     0.999997     13797704    327680.00
   27262.975     0.999997     13797704    374491.43
   27262.975     0.999998     13797704    436906.67
   27262.975     0.999998     13797704    524288.00
   27262.975     0.999998     13797704    582542.22
   27262.975     0.999998     13797704    655360.00
   27262.975     0.999999     13797704    748982.86
   27262.975     0.999999     13797704    873813.33
   27279.359     0.999999     13797719   1048576.00
   27279.359     1.000000     13797719          inf
#[Mean    =    15518.998, StdDeviation   =     6374.683]
#[Max     =    27262.976, Total count    =     13797719]
#[Buckets =           27, SubBuckets     =         2048]
----------------------------------------------------------
  16638955 requests in 1.00m, 19.73GB read
Requests/sec: 277316.85
Transfer/sec:    336.67MB
