Running 1m test @ http://192.168.100.1:8080/exp1-1k.txt
  4 threads and 256 connections
  Thread calibration: mean lat.: 2025.657ms, rate sampling interval: 7745ms
  Thread calibration: mean lat.: 2032.893ms, rate sampling interval: 7766ms
  Thread calibration: mean lat.: 2093.579ms, rate sampling interval: 7430ms
  Thread calibration: mean lat.: 1963.803ms, rate sampling interval: 7589ms
  Thread Stats   Avg      Stdev     Max   +/- Stdev
    Latency    15.31s     6.37s   26.95s    57.80%
    Req/Sec    69.51k   658.64    71.03k    70.83%
  Latency Distribution (HdrHistogram - Recorded Latency)
 50.000%   15.34s 
 75.000%   20.84s 
 90.000%   24.12s 
 99.000%   26.13s 
 99.900%   26.54s 
 99.990%   26.74s 
 99.999%   26.92s 
100.000%   26.97s 

  Detailed Percentile spectrum:
       Value   Percentile   TotalCount 1/(1-Percentile)

    4012.031     0.000000            4         1.00
    6479.871     0.100000      1384427         1.11
    8691.711     0.200000      2765078         1.25
   10919.935     0.300000      4150877         1.43
   13131.775     0.400000      5531124         1.67
   15335.423     0.500000      6912136         2.00
   16433.151     0.550000      7600734         2.22
   17530.879     0.600000      8293545         2.50
   18644.991     0.650000      8992603         2.86
   19742.719     0.700000      9683097         3.33
   20840.447     0.750000     10373982         4.00
   21381.119     0.775000     10717156         4.44
   21921.791     0.800000     11056423         5.00
   22478.847     0.825000     11406572         5.71
   23019.519     0.850000     11751011         6.67
   23560.191     0.875000     12093549         8.00
   23838.719     0.887500     12267557         8.89
   24117.247     0.900000     12442092        10.00
   24395.775     0.912500     12616022        11.43
   24674.303     0.925000     12788679        13.33
   24952.831     0.937500     12962558        16.00
   25083.903     0.943750     13046602        17.78
   25214.975     0.950000     13130128        20.00
   25362.431     0.956250     13222994        22.86
   25493.503     0.962500     13305064        26.67
   25624.575     0.968750     13388396        32.00
   25706.495     0.971875     13440356        35.56
   25772.031     0.975000     13481501        40.00
   25837.567     0.978125     13521072        45.71
   25919.487     0.981250     13568832        53.33
   25985.023     0.984375     13606108        64.00
   26034.175     0.985938     13633048        71.11
   26066.943     0.987500     13650546        80.00
   26116.095     0.989062     13675910        91.43
   26148.863     0.990625     13692098       106.67
   26198.015     0.992188     13714399       128.00
   26230.783     0.992969     13727721       142.22
   26247.167     0.993750     13733820       160.00
   26279.935     0.994531     13745705       182.86
   26312.703     0.995313     13756609       213.33
   26345.471     0.996094     13766568       256.00
   26361.855     0.996484     13771198       284.44
   26394.623     0.996875     13779588       320.00
   26411.007     0.997266     13783413       365.71
   26443.775     0.997656     13790367       426.67
   26460.159     0.998047     13793502       512.00
   26476.543     0.998242     13796380       568.89
   26492.927     0.998437     13799039       640.00
   26509.311     0.998633     13801439       731.43
   26525.695     0.998828     13803715       853.33
   26558.463     0.999023     13807776      1024.00
   26558.463     0.999121     13807776      1137.78
   26574.847     0.999219     13809468      1280.00
   26591.231     0.999316     13811027      1462.86
   26607.615     0.999414     13812535      1706.67
   26623.999     0.999512     13813834      2048.00
   26623.999     0.999561     13813834      2275.56
   26640.383     0.999609     13814962      2560.00
   26640.383     0.999658     13814962      2925.71
   26656.767     0.999707     13815872      3413.33
   26673.151     0.999756     13816650      4096.00
   26673.151     0.999780     13816650      4551.11
   26689.535     0.999805     13817233      5120.00
   26689.535     0.999829     13817233      5851.43
   26705.919     0.999854     13817693      6826.67
   26722.303     0.999878     13818039      8192.00
   26722.303     0.999890     13818039      9102.22
   26738.687     0.999902     13818315     10240.00
   26738.687     0.999915     13818315     11702.86
   26755.071     0.999927     13818569     13653.33
   26771.455     0.999939     13818732     16384.00
   26771.455     0.999945     13818732     18204.44
   26787.839     0.999951     13818859     20480.00
   26787.839     0.999957     13818859     23405.71
   26804.223     0.999963     13818987     27306.67
   26820.607     0.999969     13819092     32768.00
   26820.607     0.999973     13819092     36408.89
   26820.607     0.999976     13819092     40960.00
   26836.991     0.999979     13819148     46811.43
   26853.375     0.999982     13819192     54613.33
   26869.759     0.999985     13819225     65536.00
   26886.143     0.999986     13819255     72817.78
   26902.527     0.999988     13819288     81920.00
   26902.527     0.999989     13819288     93622.86
   26918.911     0.999991     13819319    109226.67
   26935.295     0.999992     13819351    131072.00
   26935.295     0.999993     13819351    145635.56
   26935.295     0.999994     13819351    163840.00
   26951.679     0.999995     13819397    187245.71
   26951.679     0.999995     13819397    218453.33
   26951.679     0.999996     13819397    262144.00
   26951.679     0.999997     13819397    291271.11
   26951.679     0.999997     13819397    327680.00
   26951.679     0.999997     13819397    374491.43
   26951.679     0.999998     13819397    436906.67
   26968.063     0.999998     13819428    524288.00
   26968.063     1.000000     13819428          inf
#[Mean    =    15313.047, StdDeviation   =     6365.919]
#[Max     =    26951.680, Total count    =     13819428]
#[Buckets =           27, SubBuckets     =         2048]
----------------------------------------------------------
  16659739 requests in 1.00m, 19.75GB read
Requests/sec: 277662.78
Transfer/sec:    337.09MB
