Running 1m test @ http://192.168.100.1:8080/exp1-1k.txt
  4 threads and 256 connections
  Thread calibration: mean lat.: 1958.791ms, rate sampling interval: 7663ms
  Thread calibration: mean lat.: 2113.790ms, rate sampling interval: 7622ms
  Thread calibration: mean lat.: 2093.397ms, rate sampling interval: 7819ms
  Thread calibration: mean lat.: 1931.329ms, rate sampling interval: 7413ms
  Thread Stats   Avg      Stdev     Max   +/- Stdev
    Latency    15.24s     6.35s   26.71s    57.71%
    Req/Sec    69.74k   773.75    71.25k    62.50%
  Latency Distribution (HdrHistogram - Recorded Latency)
 50.000%   15.24s 
 75.000%   20.76s 
 90.000%   24.05s 
 99.000%   26.03s 
 99.900%   26.41s 
 99.990%   26.59s 
 99.999%   26.67s 
100.000%   26.72s 

  Detailed Percentile spectrum:
       Value   Percentile   TotalCount 1/(1-Percentile)

    4104.191     0.000000            1         1.00
    6451.199     0.100000      1386158         1.11
    8642.559     0.200000      2771683         1.25
   10846.207     0.300000      4158143         1.43
   13041.663     0.400000      5548002         1.67
   15237.119     0.500000      6929176         2.00
   16334.847     0.550000      7623100         2.22
   17448.959     0.600000      8322732         2.50
   18546.687     0.650000      9008213         2.86
   19644.415     0.700000      9702015         3.33
   20758.527     0.750000     10401935         4.00
   21299.199     0.775000     10742508         4.44
   21856.255     0.800000     11094328         5.00
   22396.927     0.825000     11434048         5.71
   22953.983     0.850000     11787926         6.67
   23494.655     0.875000     12131448         8.00
   23773.183     0.887500     12307822         8.89
   24051.711     0.900000     12480565        10.00
   24313.855     0.912500     12646053        11.43
   24592.383     0.925000     12824719        13.33
   24870.911     0.937500     13000555        16.00
   25001.983     0.943750     13082279        17.78
   25149.439     0.950000     13173933        20.00
   25280.511     0.956250     13256616        22.86
   25411.583     0.962500     13339564        26.67
   25559.039     0.968750     13433673        32.00
   25624.575     0.971875     13475350        35.56
   25690.111     0.975000     13517538        40.00
   25755.647     0.978125     13559058        45.71
   25821.183     0.981250     13600363        53.33
   25886.719     0.984375     13641179        64.00
   25935.871     0.985938     13670646        71.11
   25968.639     0.987500     13689425        80.00
   26001.407     0.989062     13707487        91.43
   26050.559     0.990625     13733448       106.67
   26083.327     0.992188     13750130       128.00
   26116.095     0.992969     13765803       142.22
   26132.479     0.993750     13773406       160.00
   26165.247     0.994531     13787432       182.86
   26181.631     0.995313     13793742       213.33
   26214.399     0.996094     13805229       256.00
   26230.783     0.996484     13810614       284.44
   26247.167     0.996875     13815468       320.00
   26263.551     0.997266     13820072       365.71
   26296.319     0.997656     13828062       426.67
   26312.703     0.998047     13831326       512.00
   26329.087     0.998242     13834124       568.89
   26345.471     0.998437     13836655       640.00
   26361.855     0.998633     13838903       731.43
   26378.239     0.998828     13841004       853.33
   26411.007     0.999023     13844561      1024.00
   26427.391     0.999121     13846167      1137.78
   26427.391     0.999219     13846167      1280.00
   26443.775     0.999316     13847706      1462.86
   26460.159     0.999414     13849015      1706.67
   26492.927     0.999512     13851121      2048.00
   26492.927     0.999561     13851121      2275.56
   26509.311     0.999609     13852142      2560.00
   26525.695     0.999658     13853097      2925.71
   26525.695     0.999707     13853097      3413.33
   26542.079     0.999756     13853926      4096.00
   26542.079     0.999780     13853926      4551.11
   26558.463     0.999805     13854622      5120.00
   26558.463     0.999829     13854622      5851.43
   26574.847     0.999854     13855157      6826.67
   26591.231     0.999878     13855616      8192.00
   26591.231     0.999890     13855616      9102.22
   26591.231     0.999902     13855616     10240.00
   26607.615     0.999915     13856023     11702.86
   26607.615     0.999927     13856023     13653.33
   26623.999     0.999939     13856347     16384.00
   26623.999     0.999945     13856347     18204.44
   26623.999     0.999951     13856347     20480.00
   26640.383     0.999957     13856557     23405.71
   26640.383     0.999963     13856557     27306.67
   26640.383     0.999969     13856557     32768.00
   26656.767     0.999973     13856737     36408.89
   26656.767     0.999976     13856737     40960.00
   26656.767     0.999979     13856737     46811.43
   26656.767     0.999982     13856737     54613.33
   26656.767     0.999985     13856737     65536.00
   26673.151     0.999986     13856845     72817.78
   26673.151     0.999988     13856845     81920.00
   26673.151     0.999989     13856845     93622.86
   26673.151     0.999991     13856845    109226.67
   26673.151     0.999992     13856845    131072.00
   26689.535     0.999993     13856892    145635.56
   26689.535     0.999994     13856892    163840.00
   26689.535     0.999995     13856892    187245.71
   26689.535     0.999995     13856892    218453.33
   26705.919     0.999996     13856937    262144.00
   26705.919     0.999997     13856937    291271.11
   26705.919     0.999997     13856937    327680.00
   26705.919     0.999997     13856937    374491.43
   26705.919     0.999998     13856937    436906.67
   26705.919     0.999998     13856937    524288.00
   26705.919     0.999998     13856937    582542.22
   26705.919     0.999998     13856937    655360.00
   26705.919     0.999999     13856937    748982.86
   26705.919     0.999999     13856937    873813.33
   26705.919     0.999999     13856937   1048576.00
   26705.919     0.999999     13856937   1165084.44
   26705.919     0.999999     13856937   1310720.00
   26705.919     0.999999     13856937   1497965.71
   26722.303     0.999999     13856946   1747626.67
   26722.303     1.000000     13856946          inf
#[Mean    =    15241.669, StdDeviation   =     6347.333]
#[Max     =    26705.920, Total count    =     13856946]
#[Buckets =           27, SubBuckets     =         2048]
----------------------------------------------------------
  16699751 requests in 1.00m, 19.80GB read
Requests/sec: 278330.77
Transfer/sec:    337.90MB
