Running 1m test @ http://192.168.100.100:8080/exp1-1k.txt
  4 threads and 256 connections
  Thread calibration: mean lat.: 2038.754ms, rate sampling interval: 7856ms
  Thread calibration: mean lat.: 1995.712ms, rate sampling interval: 7880ms
  Thread calibration: mean lat.: 2147.588ms, rate sampling interval: 8040ms
  Thread calibration: mean lat.: 2090.726ms, rate sampling interval: 7491ms
  Thread Stats   Avg      Stdev     Max   +/- Stdev
    Latency    15.61s     6.49s   27.48s    57.76%
    Req/Sec    68.49k   549.87    69.46k    62.50%
  Latency Distribution (HdrHistogram - Recorded Latency)
 50.000%   15.61s 
 75.000%   21.23s 
 90.000%   24.61s 
 99.000%   26.64s 
 99.900%   27.07s 
 99.990%   27.33s 
 99.999%   27.46s 
100.000%   27.49s 

  Detailed Percentile spectrum:
       Value   Percentile   TotalCount 1/(1-Percentile)

    4067.327     0.000000            4         1.00
    6619.135     0.100000      1361182         1.11
    8863.743     0.200000      2725596         1.25
   11116.543     0.300000      4085083         1.43
   13352.959     0.400000      5443763         1.67
   15605.759     0.500000      6806206         2.00
   16728.063     0.550000      7488320         2.22
   17858.559     0.600000      8165336         2.50
   18989.055     0.650000      8851483         2.86
   20119.551     0.700000      9529724         3.33
   21233.663     0.750000     10209582         4.00
   21807.103     0.775000     10549845         4.44
   22364.159     0.800000     10888693         5.00
   22921.215     0.825000     11226750         5.71
   23494.655     0.850000     11572718         6.67
   24051.711     0.875000     11913963         8.00
   24330.239     0.887500     12084621         8.89
   24608.767     0.900000     12251220        10.00
   24887.295     0.912500     12420874        11.43
   25165.823     0.925000     12591851        13.33
   25444.351     0.937500     12759946        16.00
   25591.807     0.943750     12846545        17.78
   25722.879     0.950000     12926562        20.00
   25870.335     0.956250     13017212        22.86
   26001.407     0.962500     13097491        26.67
   26148.863     0.968750     13188403        32.00
   26214.399     0.971875     13229134        35.56
   26279.935     0.975000     13269659        40.00
   26345.471     0.978125     13309848        45.71
   26427.391     0.981250     13359745        53.33
   26492.927     0.984375     13397508        64.00
   26525.695     0.985938     13415434        71.11
   26574.847     0.987500     13441460        80.00
   26607.615     0.989062     13458043        91.43
   26656.767     0.990625     13481151       106.67
   26705.919     0.992188     13502453       128.00
   26738.687     0.992969     13515441       142.22
   26755.071     0.993750     13521678       160.00
   26787.839     0.994531     13533546       182.86
   26820.607     0.995313     13544632       213.33
   26853.375     0.996094     13554657       256.00
   26869.759     0.996484     13559293       284.44
   26902.527     0.996875     13567731       320.00
   26918.911     0.997266     13571454       365.71
   26935.295     0.997656     13574949       426.67
   26968.063     0.998047     13581156       512.00
   26984.447     0.998242     13583896       568.89
   27000.831     0.998437     13586236       640.00
   27017.215     0.998633     13588298       731.43
   27049.983     0.998828     13591883       853.33
   27066.367     0.999023     13593530      1024.00
   27082.751     0.999121     13595021      1137.78
   27099.135     0.999219     13596454      1280.00
   27115.519     0.999316     13597735      1462.86
   27131.903     0.999414     13598928      1706.67
   27148.287     0.999512     13600035      2048.00
   27164.671     0.999561     13600917      2275.56
   27181.055     0.999609     13601628      2560.00
   27197.439     0.999658     13602246      2925.71
   27213.823     0.999707     13602748      3413.33
   27230.207     0.999756     13603224      4096.00
   27246.591     0.999780     13603638      4551.11
   27262.975     0.999805     13603975      5120.00
   27279.359     0.999829     13604315      5851.43
   27295.743     0.999854     13604611      6826.67
   27312.127     0.999878     13604851      8192.00
   27312.127     0.999890     13604851      9102.22
   27328.511     0.999902     13605093     10240.00
   27344.895     0.999915     13605335     11702.86
   27344.895     0.999927     13605335     13653.33
   27361.279     0.999939     13605568     16384.00
   27361.279     0.999945     13605568     18204.44
   27377.663     0.999951     13605738     20480.00
   27377.663     0.999957     13605738     23405.71
   27394.047     0.999963     13605873     27306.67
   27410.431     0.999969     13606024     32768.00
   27410.431     0.999973     13606024     36408.89
   27410.431     0.999976     13606024     40960.00
   27410.431     0.999979     13606024     46811.43
   27426.815     0.999982     13606124     54613.33
   27426.815     0.999985     13606124     65536.00
   27443.199     0.999986     13606174     72817.78
   27443.199     0.999988     13606174     81920.00
   27443.199     0.999989     13606174     93622.86
   27459.583     0.999991     13606225    109226.67
   27459.583     0.999992     13606225    131072.00
   27459.583     0.999993     13606225    145635.56
   27475.967     0.999994     13606277    163840.00
   27475.967     0.999995     13606277    187245.71
   27475.967     0.999995     13606277    218453.33
   27475.967     0.999996     13606277    262144.00
   27475.967     0.999997     13606277    291271.11
   27475.967     0.999997     13606277    327680.00
   27492.351     0.999997     13606314    374491.43
   27492.351     1.000000     13606314          inf
#[Mean    =    15605.968, StdDeviation   =     6492.220]
#[Max     =    27475.968, Total count    =     13606314]
#[Buckets =           27, SubBuckets     =         2048]
----------------------------------------------------------
  16397761 requests in 1.00m, 19.44GB read
Requests/sec: 273296.44
Transfer/sec:    331.79MB
