Running 1m test @ http://192.168.100.100:8080/exp1-1k.txt
  4 threads and 256 connections
  Thread calibration: mean lat.: 2123.032ms, rate sampling interval: 7938ms
  Thread calibration: mean lat.: 2003.920ms, rate sampling interval: 7753ms
  Thread calibration: mean lat.: 2055.086ms, rate sampling interval: 7856ms
  Thread calibration: mean lat.: 2069.197ms, rate sampling interval: 7512ms
  Thread Stats   Avg      Stdev     Max   +/- Stdev
    Latency    15.58s     6.49s   27.39s    57.81%
    Req/Sec    68.48k   630.86    69.69k    66.67%
  Latency Distribution (HdrHistogram - Recorded Latency)
 50.000%   15.60s 
 75.000%   21.20s 
 90.000%   24.58s 
 99.000%   26.64s 
 99.900%   27.05s 
 99.990%   27.26s 
 99.999%   27.38s 
100.000%   27.41s 

  Detailed Percentile spectrum:
       Value   Percentile   TotalCount 1/(1-Percentile)

    4042.751     0.000000            3         1.00
    6586.367     0.100000      1361817         1.11
    8847.359     0.200000      2725189         1.25
   11091.967     0.300000      4083060         1.43
   13344.767     0.400000      5442286         1.67
   15597.567     0.500000      6804990         2.00
   16711.679     0.550000      7483725         2.22
   17842.175     0.600000      8165905         2.50
   18956.287     0.650000      8844111         2.86
   20086.783     0.700000      9528204         3.33
   21200.895     0.750000     10206369         4.00
   21757.951     0.775000     10545194         4.44
   22331.391     0.800000     10892583         5.00
   22888.447     0.825000     11226962         5.71
   23445.503     0.850000     11566674         6.67
   24018.943     0.875000     11911740         8.00
   24297.471     0.887500     12080243         8.89
   24575.999     0.900000     12250484        10.00
   24854.527     0.912500     12418758        11.43
   25133.055     0.925000     12589779        13.33
   25411.583     0.937500     12759797        16.00
   25542.655     0.943750     12839093        17.78
   25690.111     0.950000     12927715        20.00
   25837.567     0.956250     13014404        22.86
   25985.023     0.962500     13101487        26.67
   26116.095     0.968750     13179868        32.00
   26198.015     0.971875     13229500        35.56
   26263.551     0.975000     13269687        40.00
   26329.087     0.978125     13308889        45.71
   26411.007     0.981250     13357258        53.33
   26476.543     0.984375     13393278        64.00
   26525.695     0.985938     13419102        71.11
   26558.463     0.987500     13435732        80.00
   26607.615     0.989062     13460007        91.43
   26656.767     0.990625     13483177       106.67
   26705.919     0.992188     13504573       128.00
   26722.303     0.992969     13511262       142.22
   26755.071     0.993750     13524071       160.00
   26771.455     0.994531     13529934       182.86
   26804.223     0.995313     13540942       213.33
   26853.375     0.996094     13555502       256.00
   26869.759     0.996484     13559802       284.44
   26886.143     0.996875     13563928       320.00
   26902.527     0.997266     13567621       365.71
   26935.295     0.997656     13574477       426.67
   26968.063     0.998047     13580235       512.00
   26968.063     0.998242     13580235       568.89
   27000.831     0.998437     13585045       640.00
   27017.215     0.998633     13587133       731.43
   27033.599     0.998828     13589018       853.33
   27066.367     0.999023     13592432      1024.00
   27066.367     0.999121     13592432      1137.78
   27082.751     0.999219     13594022      1280.00
   27099.135     0.999316     13595447      1462.86
   27115.519     0.999414     13596679      1706.67
   27131.903     0.999512     13597796      2048.00
   27148.287     0.999561     13598720      2275.56
   27164.671     0.999609     13599539      2560.00
   27164.671     0.999658     13599539      2925.71
   27181.055     0.999707     13600337      3413.33
   27197.439     0.999756     13601054      4096.00
   27213.823     0.999780     13601613      4551.11
   27213.823     0.999805     13601613      5120.00
   27230.207     0.999829     13602104      5851.43
   27246.591     0.999854     13602543      6826.67
   27246.591     0.999878     13602543      8192.00
   27262.975     0.999890     13602887      9102.22
   27262.975     0.999902     13602887     10240.00
   27279.359     0.999915     13603169     11702.86
   27279.359     0.999927     13603169     13653.33
   27295.743     0.999939     13603397     16384.00
   27295.743     0.999945     13603397     18204.44
   27312.127     0.999951     13603569     20480.00
   27312.127     0.999957     13603569     23405.71
   27328.511     0.999963     13603727     27306.67
   27328.511     0.999969     13603727     32768.00
   27344.895     0.999973     13603849     36408.89
   27344.895     0.999976     13603849     40960.00
   27344.895     0.999979     13603849     46811.43
   27361.279     0.999982     13603964     54613.33
   27361.279     0.999985     13603964     65536.00
   27361.279     0.999986     13603964     72817.78
   27377.663     0.999988     13604061     81920.00
   27377.663     0.999989     13604061     93622.86
   27377.663     0.999991     13604061    109226.67
   27377.663     0.999992     13604061    131072.00
   27377.663     0.999993     13604061    145635.56
   27377.663     0.999994     13604061    163840.00
   27394.047     0.999995     13604113    187245.71
   27394.047     0.999995     13604113    218453.33
   27394.047     0.999996     13604113    262144.00
   27394.047     0.999997     13604113    291271.11
   27394.047     0.999997     13604113    327680.00
   27394.047     0.999997     13604113    374491.43
   27394.047     0.999998     13604113    436906.67
   27394.047     0.999998     13604113    524288.00
   27394.047     0.999998     13604113    582542.22
   27410.431     0.999998     13604135    655360.00
   27410.431     1.000000     13604135          inf
#[Mean    =    15583.080, StdDeviation   =     6488.915]
#[Max     =    27394.048, Total count    =     13604135]
#[Buckets =           27, SubBuckets     =         2048]
----------------------------------------------------------
  16408102 requests in 1.00m, 19.45GB read
Requests/sec: 273469.51
Transfer/sec:    332.00MB
