Running 1m test @ http://192.168.100.100:8080/exp1-1k.txt
  4 threads and 256 connections
  Thread calibration: mean lat.: 2056.511ms, rate sampling interval: 7856ms
  Thread calibration: mean lat.: 2072.566ms, rate sampling interval: 7888ms
  Thread calibration: mean lat.: 2018.816ms, rate sampling interval: 7720ms
  Thread calibration: mean lat.: 2101.519ms, rate sampling interval: 7712ms
  Thread Stats   Avg      Stdev     Max   +/- Stdev
    Latency    15.60s     6.48s   27.61s    57.77%
    Req/Sec    68.44k   708.09    70.26k    66.67%
  Latency Distribution (HdrHistogram - Recorded Latency)
 50.000%   15.59s 
 75.000%   21.22s 
 90.000%   24.59s 
 99.000%   26.66s 
 99.900%   27.13s 
 99.990%   27.41s 
 99.999%   27.59s 
100.000%   27.62s 

  Detailed Percentile spectrum:
       Value   Percentile   TotalCount 1/(1-Percentile)

    4173.823     0.000000            5         1.00
    6635.519     0.100000      1361692         1.11
    8871.935     0.200000      2721219         1.25
   11116.543     0.300000      4080582         1.43
   13361.151     0.400000      5444723         1.67
   15589.375     0.500000      6801358         2.00
   16719.871     0.550000      7485417         2.22
   17842.175     0.600000      8165740         2.50
   18972.671     0.650000      8849055         2.86
   20086.783     0.700000      9522578         3.33
   21217.279     0.750000     10205829         4.00
   21774.335     0.775000     10544615         4.44
   22347.775     0.800000     10888031         5.00
   22888.447     0.825000     11221097         5.71
   23461.887     0.850000     11564908         6.67
   24018.943     0.875000     11902808         8.00
   24313.855     0.887500     12080301         8.89
   24592.383     0.900000     12249748        10.00
   24870.911     0.912500     12417843        11.43
   25149.439     0.925000     12584313        13.33
   25427.967     0.937500     12754250        16.00
   25575.423     0.943750     12843895        17.78
   25706.495     0.950000     12922250        20.00
   25853.951     0.956250     13010396        22.86
   26001.407     0.962500     13098554        26.67
   26132.479     0.968750     13177676        32.00
   26214.399     0.971875     13226730        35.56
   26279.935     0.975000     13266433        40.00
   26345.471     0.978125     13305203        45.71
   26427.391     0.981250     13352642        53.33
   26492.927     0.984375     13389110        64.00
   26542.079     0.985938     13414981        71.11
   26574.847     0.987500     13431607        80.00
   26623.999     0.989062     13455233        91.43
   26673.151     0.990625     13477577       106.67
   26722.303     0.992188     13498107       128.00
   26755.071     0.992969     13510773       142.22
   26771.455     0.993750     13516818       160.00
   26804.223     0.994531     13528135       182.86
   26836.991     0.995313     13538225       213.33
   26886.143     0.996094     13551431       256.00
   26902.527     0.996484     13555393       284.44
   26918.911     0.996875     13559116       320.00
   26951.679     0.997266     13565665       365.71
   26984.447     0.997656     13571109       426.67
   27017.215     0.998047     13575900       512.00
   27033.599     0.998242     13578082       568.89
   27049.983     0.998437     13580138       640.00
   27082.751     0.998633     13584051       731.43
   27099.135     0.998828     13585828       853.33
   27131.903     0.999023     13589053      1024.00
   27148.287     0.999121     13590439      1137.78
   27164.671     0.999219     13591680      1280.00
   27181.055     0.999316     13592873      1462.86
   27197.439     0.999414     13594022      1706.67
   27213.823     0.999512     13595013      2048.00
   27230.207     0.999561     13595975      2275.56
   27230.207     0.999609     13595975      2560.00
   27246.591     0.999658     13596839      2925.71
   27262.975     0.999707     13597593      3413.33
   27279.359     0.999756     13598196      4096.00
   27295.743     0.999780     13598646      4551.11
   27295.743     0.999805     13598646      5120.00
   27312.127     0.999829     13598992      5851.43
   27344.895     0.999854     13599396      6826.67
   27377.663     0.999878     13599713      8192.00
   27394.047     0.999890     13599867      9102.22
   27410.431     0.999902     13600041     10240.00
   27426.815     0.999915     13600197     11702.86
   27443.199     0.999927     13600307     13653.33
   27475.967     0.999939     13600506     16384.00
   27492.351     0.999945     13600603     18204.44
   27508.735     0.999951     13600690     20480.00
   27525.119     0.999957     13600802     23405.71
   27525.119     0.999963     13600802     27306.67
   27541.503     0.999969     13600897     32768.00
   27557.887     0.999973     13600995     36408.89
   27557.887     0.999976     13600995     40960.00
   27557.887     0.999979     13600995     46811.43
   27574.271     0.999982     13601087     54613.33
   27574.271     0.999985     13601087     65536.00
   27590.655     0.999986     13601180     72817.78
   27590.655     0.999988     13601180     81920.00
   27590.655     0.999989     13601180     93622.86
   27590.655     0.999991     13601180    109226.67
   27590.655     0.999992     13601180    131072.00
   27607.039     0.999993     13601242    145635.56
   27607.039     0.999994     13601242    163840.00
   27607.039     0.999995     13601242    187245.71
   27607.039     0.999995     13601242    218453.33
   27607.039     0.999996     13601242    262144.00
   27607.039     0.999997     13601242    291271.11
   27607.039     0.999997     13601242    327680.00
   27623.423     0.999997     13601282    374491.43
   27623.423     1.000000     13601282          inf
#[Mean    =    15600.392, StdDeviation   =     6480.882]
#[Max     =    27607.040, Total count    =     13601282]
#[Buckets =           27, SubBuckets     =         2048]
----------------------------------------------------------
  16397572 requests in 1.00m, 19.44GB read
Requests/sec: 273293.82
Transfer/sec:    331.78MB
