Running 1m test @ http://192.168.100.100:8080/exp1-1k.txt
  4 threads and 256 connections
  Thread calibration: mean lat.: 2005.194ms, rate sampling interval: 7929ms
  Thread calibration: mean lat.: 2091.059ms, rate sampling interval: 7868ms
  Thread calibration: mean lat.: 2176.988ms, rate sampling interval: 7712ms
  Thread calibration: mean lat.: 2009.853ms, rate sampling interval: 7659ms
  Thread Stats   Avg      Stdev     Max   +/- Stdev
    Latency    15.58s     6.49s   27.84s    57.76%
    Req/Sec    68.48k   624.06    69.89k    79.17%
  Latency Distribution (HdrHistogram - Recorded Latency)
 50.000%   15.58s 
 75.000%   21.20s 
 90.000%   24.58s 
 99.000%   26.62s 
 99.900%   27.02s 
 99.990%   27.31s 
 99.999%   27.80s 
100.000%   27.85s 

  Detailed Percentile spectrum:
       Value   Percentile   TotalCount 1/(1-Percentile)

    4134.911     0.000000            5         1.00
    6602.751     0.100000      1360993         1.11
    8855.551     0.200000      2726170         1.25
   11091.967     0.300000      4082257         1.43
   13336.575     0.400000      5447506         1.67
   15581.183     0.500000      6808206         2.00
   16703.487     0.550000      7488728         2.22
   17825.791     0.600000      8164829         2.50
   18956.287     0.650000      8853812         2.86
   20086.783     0.700000      9534753         3.33
   21200.895     0.750000     10206916         4.00
   21757.951     0.775000     10550553         4.44
   22331.391     0.800000     10892576         5.00
   22888.447     0.825000     11229726         5.71
   23445.503     0.850000     11566936         6.67
   24018.943     0.875000     11915864         8.00
   24297.471     0.887500     12084035         8.89
   24575.999     0.900000     12252529        10.00
   24854.527     0.912500     12419761        11.43
   25133.055     0.925000     12588891        13.33
   25411.583     0.937500     12758028        16.00
   25559.039     0.943750     12846090        17.78
   25706.495     0.950000     12933611        20.00
   25837.567     0.956250     13013277        22.86
   25985.023     0.962500     13103234        26.67
   26116.095     0.968750     13182478        32.00
   26198.015     0.971875     13231980        35.56
   26263.551     0.975000     13271876        40.00
   26329.087     0.978125     13311855        45.71
   26394.623     0.981250     13351736        53.33
   26476.543     0.984375     13400204        64.00
   26509.311     0.985938     13418867        71.11
   26558.463     0.987500     13445374        80.00
   26591.231     0.989062     13462388        91.43
   26640.383     0.990625     13487050       106.67
   26673.151     0.992188     13502370       128.00
   26705.919     0.992969     13516641       142.22
   26722.303     0.993750     13523173       160.00
   26755.071     0.994531     13535685       182.86
   26787.839     0.995313     13546883       213.33
   26820.607     0.996094     13556690       256.00
   26836.991     0.996484     13561312       284.44
   26853.375     0.996875     13565568       320.00
   26886.143     0.997266     13573095       365.71
   26902.527     0.997656     13576580       426.67
   26935.295     0.998047     13582845       512.00
   26951.679     0.998242     13585479       568.89
   26968.063     0.998437     13587874       640.00
   26984.447     0.998633     13589985       731.43
   27000.831     0.998828     13591932       853.33
   27017.215     0.999023     13593737      1024.00
   27033.599     0.999121     13595422      1137.78
   27049.983     0.999219     13596893      1280.00
   27066.367     0.999316     13598274      1462.86
   27082.751     0.999414     13599573      1706.67
   27099.135     0.999512     13600726      2048.00
   27115.519     0.999561     13601597      2275.56
   27115.519     0.999609     13601597      2560.00
   27131.903     0.999658     13602216      2925.71
   27164.671     0.999707     13603241      3413.33
   27181.055     0.999756     13603638      4096.00
   27197.439     0.999780     13604010      4551.11
   27213.823     0.999805     13604380      5120.00
   27230.207     0.999829     13604708      5851.43
   27246.591     0.999854     13604950      6826.67
   27279.359     0.999878     13605277      8192.00
   27295.743     0.999890     13605426      9102.22
   27312.127     0.999902     13605542     10240.00
   27377.663     0.999915     13605722     11702.86
   27443.199     0.999927     13605914     13653.33
   27492.351     0.999939     13606054     16384.00
   27525.119     0.999945     13606143     18204.44
   27557.887     0.999951     13606217     20480.00
   27607.039     0.999957     13606310     23405.71
   27639.807     0.999963     13606379     27306.67
   27672.575     0.999969     13606466     32768.00
   27688.959     0.999973     13606498     36408.89
   27705.343     0.999976     13606531     40960.00
   27738.111     0.999979     13606592     46811.43
   27754.495     0.999982     13606623     54613.33
   27770.879     0.999985     13606658     65536.00
   27787.263     0.999986     13606701     72817.78
   27787.263     0.999988     13606701     81920.00
   27803.647     0.999989     13606742     93622.86
   27803.647     0.999991     13606742    109226.67
   27820.031     0.999992     13606785    131072.00
   27820.031     0.999993     13606785    145635.56
   27820.031     0.999994     13606785    163840.00
   27836.415     0.999995     13606828    187245.71
   27836.415     0.999995     13606828    218453.33
   27836.415     0.999996     13606828    262144.00
   27836.415     0.999997     13606828    291271.11
   27836.415     0.999997     13606828    327680.00
   27836.415     0.999997     13606828    374491.43
   27852.799     0.999998     13606863    436906.67
   27852.799     1.000000     13606863          inf
#[Mean    =    15581.058, StdDeviation   =     6485.624]
#[Max     =    27836.416, Total count    =     13606863]
#[Buckets =           27, SubBuckets     =         2048]
----------------------------------------------------------
  16405315 requests in 1.00m, 19.45GB read
Requests/sec: 273423.47
Transfer/sec:    331.94MB
