Running 1m test @ http://192.168.100.100:8080/exp1-1k.txt
  4 threads and 256 connections
  Thread calibration: mean lat.: 2161.902ms, rate sampling interval: 7671ms
  Thread calibration: mean lat.: 2038.008ms, rate sampling interval: 7819ms
  Thread calibration: mean lat.: 2047.576ms, rate sampling interval: 7888ms
  Thread calibration: mean lat.: 2046.271ms, rate sampling interval: 7864ms
  Thread Stats   Avg      Stdev     Max   +/- Stdev
    Latency    15.59s     6.48s   27.34s    57.80%
    Req/Sec    68.48k   598.94    69.25k    70.83%
  Latency Distribution (HdrHistogram - Recorded Latency)
 50.000%   15.58s 
 75.000%   21.22s 
 90.000%   24.59s 
 99.000%   26.62s 
 99.900%   27.00s 
 99.990%   27.18s 
 99.999%   27.31s 
100.000%   27.36s 

  Detailed Percentile spectrum:
       Value   Percentile   TotalCount 1/(1-Percentile)

    4153.343     0.000000            6         1.00
    6627.327     0.100000      1362193         1.11
    8863.743     0.200000      2724430         1.25
   11108.351     0.300000      4087963         1.43
   13336.575     0.400000      5447686         1.67
   15581.183     0.500000      6808230         2.00
   16711.679     0.550000      7489080         2.22
   17842.175     0.600000      8174713         2.50
   18956.287     0.650000      8848459         2.86
   20086.783     0.700000      9528597         3.33
   21217.279     0.750000     10210902         4.00
   21790.719     0.775000     10557948         4.44
   22347.775     0.800000     10898609         5.00
   22921.215     0.825000     11236616         5.71
   23478.271     0.850000     11577567         6.67
   24035.327     0.875000     11919092         8.00
   24313.855     0.887500     12087599         8.89
   24592.383     0.900000     12255651        10.00
   24870.911     0.912500     12425560        11.43
   25149.439     0.925000     12597075        13.33
   25427.967     0.937500     12766435        16.00
   25559.039     0.943750     12846010        17.78
   25706.495     0.950000     12932509        20.00
   25853.951     0.956250     13018844        22.86
   26001.407     0.962500     13106619        26.67
   26132.479     0.968750     13186532        32.00
   26214.399     0.971875     13237034        35.56
   26279.935     0.975000     13277425        40.00
   26345.471     0.978125     13317136        45.71
   26411.007     0.981250     13356334        53.33
   26492.927     0.984375     13404227        64.00
   26525.695     0.985938     13422729        71.11
   26574.847     0.987500     13449666        80.00
   26607.615     0.989062     13467194        91.43
   26640.383     0.990625     13484204       106.67
   26689.535     0.992188     13507097       128.00
   26722.303     0.992969     13521475       142.22
   26738.687     0.993750     13528341       160.00
   26771.455     0.994531     13541320       182.86
   26787.839     0.995313     13547406       213.33
   26820.607     0.996094     13558389       256.00
   26836.991     0.996484     13563336       284.44
   26869.759     0.996875     13572412       320.00
   26886.143     0.997266     13576569       365.71
   26902.527     0.997656     13580473       426.67
   26935.295     0.998047     13587347       512.00
   26935.295     0.998242     13587347       568.89
   26951.679     0.998437     13590374       640.00
   26968.063     0.998633     13593051       731.43
   26984.447     0.998828     13595551       853.33
   27000.831     0.999023     13597890      1024.00
   27017.215     0.999121     13599946      1137.78
   27033.599     0.999219     13601768      1280.00
   27049.983     0.999316     13603431      1462.86
   27049.983     0.999414     13603431      1706.67
   27066.367     0.999512     13604894      2048.00
   27082.751     0.999561     13606059      2275.56
   27082.751     0.999609     13606059      2560.00
   27099.135     0.999658     13607051      2925.71
   27115.519     0.999707     13607916      3413.33
   27115.519     0.999756     13607916      4096.00
   27131.903     0.999780     13608674      4551.11
   27131.903     0.999805     13608674      5120.00
   27148.287     0.999829     13609201      5851.43
   27148.287     0.999854     13609201      6826.67
   27164.671     0.999878     13609606      8192.00
   27164.671     0.999890     13609606      9102.22
   27181.055     0.999902     13609921     10240.00
   27197.439     0.999915     13610142     11702.86
   27197.439     0.999927     13610142     13653.33
   27213.823     0.999939     13610321     16384.00
   27230.207     0.999945     13610476     18204.44
   27230.207     0.999951     13610476     20480.00
   27246.591     0.999957     13610628     23405.71
   27246.591     0.999963     13610628     27306.67
   27262.975     0.999969     13610732     32768.00
   27262.975     0.999973     13610732     36408.89
   27279.359     0.999976     13610832     40960.00
   27279.359     0.999979     13610832     46811.43
   27295.743     0.999982     13610952     54613.33
   27295.743     0.999985     13610952     65536.00
   27295.743     0.999986     13610952     72817.78
   27295.743     0.999988     13610952     81920.00
   27295.743     0.999989     13610952     93622.86
   27312.127     0.999991     13611024    109226.67
   27312.127     0.999992     13611024    131072.00
   27312.127     0.999993     13611024    145635.56
   27312.127     0.999994     13611024    163840.00
   27312.127     0.999995     13611024    187245.71
   27328.511     0.999995     13611055    218453.33
   27328.511     0.999996     13611055    262144.00
   27328.511     0.999997     13611055    291271.11
   27328.511     0.999997     13611055    327680.00
   27344.895     0.999997     13611084    374491.43
   27344.895     0.999998     13611084    436906.67
   27344.895     0.999998     13611084    524288.00
   27344.895     0.999998     13611084    582542.22
   27344.895     0.999998     13611084    655360.00
   27344.895     0.999999     13611084    748982.86
   27344.895     0.999999     13611084    873813.33
   27344.895     0.999999     13611084   1048576.00
   27344.895     0.999999     13611084   1165084.44
   27344.895     0.999999     13611084   1310720.00
   27361.279     0.999999     13611094   1497965.71
   27361.279     1.000000     13611094          inf
#[Mean    =    15593.882, StdDeviation   =     6484.662]
#[Max     =    27344.896, Total count    =     13611094]
#[Buckets =           27, SubBuckets     =         2048]
----------------------------------------------------------
  16401384 requests in 1.00m, 19.44GB read
Requests/sec: 273357.18
Transfer/sec:    331.86MB
