Running 1m test @ http://192.168.100.100:8080/exp1-1k.txt
  4 threads and 256 connections
  Thread calibration: mean lat.: 866.678ms, rate sampling interval: 3473ms
  Thread calibration: mean lat.: 1008.548ms, rate sampling interval: 3704ms
  Thread calibration: mean lat.: 999.921ms, rate sampling interval: 3815ms
  Thread calibration: mean lat.: 909.439ms, rate sampling interval: 3665ms
  Thread Stats   Avg      Stdev     Max   +/- Stdev
    Latency     7.57s     3.18s   13.94s    58.05%
    Req/Sec    68.13k     0.99k   69.94k    66.04%
  Latency Distribution (HdrHistogram - Recorded Latency)
 50.000%    7.57s 
 75.000%   10.31s 
 90.000%   11.97s 
 99.000%   13.16s 
 99.900%   13.57s 
 99.990%   13.80s 
 99.999%   13.91s 
100.000%   13.95s 

  Detailed Percentile spectrum:
       Value   Percentile   TotalCount 1/(1-Percentile)

    1689.599     0.000000            4         1.00
    3172.351     0.100000      1355943         1.11
    4272.127     0.200000      2708998         1.25
    5365.759     0.300000      4064457         1.43
    6455.295     0.400000      5415169         1.67
    7573.503     0.500000      6768228         2.00
    8105.983     0.550000      7446880         2.22
    8667.135     0.600000      8127609         2.50
    9199.615     0.650000      8806651         2.86
    9748.479     0.700000      9474817         3.33
   10313.727     0.750000     10155987         4.00
   10592.255     0.775000     10497622         4.44
   10862.591     0.800000     10837908         5.00
   11124.735     0.825000     11168113         5.71
   11411.455     0.850000     11512681         6.67
   11689.983     0.875000     11844421         8.00
   11837.439     0.887500     12022124         8.89
   11968.511     0.900000     12188975        10.00
   12099.583     0.912500     12358525        11.43
   12230.655     0.925000     12522088        13.33
   12369.919     0.937500     12695388        16.00
   12435.455     0.943750     12775096        17.78
   12509.183     0.950000     12860761        20.00
   12591.103     0.956250     12949507        22.86
   12664.831     0.962500     13028000        26.67
   12754.943     0.968750     13113128        32.00
   12804.095     0.971875     13155863        35.56
   12861.439     0.975000     13203249        40.00
   12910.591     0.978125     13240455        45.71
   12976.127     0.981250     13287184        53.33
   13033.471     0.984375     13325168        64.00
   13066.239     0.985938     13345934        71.11
   13107.199     0.987500     13370795        80.00
   13139.967     0.989062     13388539        91.43
   13180.927     0.990625     13408789       106.67
   13230.079     0.992188     13431634       128.00
   13254.655     0.992969     13442224       142.22
   13279.231     0.993750     13451943       160.00
   13303.807     0.994531     13461575       182.86
   13336.575     0.995313     13473569       213.33
   13369.343     0.996094     13484976       256.00
   13385.727     0.996484     13490030       284.44
   13402.111     0.996875     13494583       320.00
   13418.495     0.997266     13498497       365.71
   13451.263     0.997656     13505278       426.67
   13475.839     0.998047     13509504       512.00
   13492.223     0.998242     13512201       568.89
   13508.607     0.998437     13514542       640.00
   13524.991     0.998633     13516905       731.43
   13549.567     0.998828     13519998       853.33
   13574.143     0.999023     13522746      1024.00
   13582.335     0.999121     13523651      1137.78
   13598.719     0.999219     13525330      1280.00
   13615.103     0.999316     13526554      1462.86
   13631.487     0.999414     13527609      1706.67
   13656.063     0.999512     13529145      2048.00
   13664.255     0.999561     13529623      2275.56
   13672.447     0.999609     13530039      2560.00
   13688.831     0.999658     13530713      2925.71
   13705.215     0.999707     13531383      3413.33
   13721.599     0.999756     13532055      4096.00
   13737.983     0.999780     13532567      4551.11
   13746.175     0.999805     13532778      5120.00
   13762.559     0.999829     13533201      5851.43
   13770.751     0.999854     13533410      6826.67
   13787.135     0.999878     13533812      8192.00
   13795.327     0.999890     13534027      9102.22
   13795.327     0.999902     13534027     10240.00
   13803.519     0.999915     13534209     11702.86
   13811.711     0.999927     13534354     13653.33
   13828.095     0.999939     13534546     16384.00
   13836.287     0.999945     13534623     18204.44
   13844.479     0.999951     13534713     20480.00
   13852.671     0.999957     13534818     23405.71
   13860.863     0.999963     13534894     27306.67
   13869.055     0.999969     13534975     32768.00
   13869.055     0.999973     13534975     36408.89
   13877.247     0.999976     13535030     40960.00
   13885.439     0.999979     13535081     46811.43
   13885.439     0.999982     13535081     54613.33
   13893.631     0.999985     13535138     65536.00
   13901.823     0.999986     13535187     72817.78
   13901.823     0.999988     13535187     81920.00
   13901.823     0.999989     13535187     93622.86
   13910.015     0.999991     13535216    109226.67
   13918.207     0.999992     13535243    131072.00
   13918.207     0.999993     13535243    145635.56
   13926.399     0.999994     13535270    163840.00
   13926.399     0.999995     13535270    187245.71
   13926.399     0.999995     13535270    218453.33
   13934.591     0.999996     13535296    262144.00
   13934.591     0.999997     13535296    291271.11
   13934.591     0.999997     13535296    327680.00
   13934.591     0.999997     13535296    374491.43
   13934.591     0.999998     13535296    436906.67
   13942.783     0.999998     13535325    524288.00
   13942.783     0.999998     13535325    582542.22
   13942.783     0.999998     13535325    655360.00
   13942.783     0.999999     13535325    748982.86
   13942.783     0.999999     13535325    873813.33
   13942.783     0.999999     13535325   1048576.00
   13942.783     0.999999     13535325   1165084.44
   13942.783     0.999999     13535325   1310720.00
   13942.783     0.999999     13535325   1497965.71
   13942.783     0.999999     13535325   1747626.67
   13942.783     1.000000     13535325   2097152.00
   13942.783     1.000000     13535325   2330168.89
   13942.783     1.000000     13535325   2621440.00
   13942.783     1.000000     13535325   2995931.43
   13942.783     1.000000     13535325   3495253.33
   13942.783     1.000000     13535325   4194304.00
   13942.783     1.000000     13535325   4660337.78
   13942.783     1.000000     13535325   5242880.00
   13942.783     1.000000     13535325   5991862.86
   13942.783     1.000000     13535325   6990506.67
   13942.783     1.000000     13535325   8388608.00
   13942.783     1.000000     13535325   9320675.55
   13942.783     1.000000     13535325  10485760.00
   13942.783     1.000000     13535325  11983725.71
   13950.975     1.000000     13535326  13981013.34
   13950.975     1.000000     13535326          inf
#[Mean    =     7565.454, StdDeviation   =     3183.295]
#[Max     =    13942.784, Total count    =     13535326]
#[Buckets =           27, SubBuckets     =         2048]
----------------------------------------------------------
  16296090 requests in 1.00m, 19.32GB read
Requests/sec: 271601.64
Transfer/sec:    329.73MB
