Running 1m test @ http://192.168.100.100:8080/exp1-1k.txt
  4 threads and 256 connections
  Thread calibration: mean lat.: 906.042ms, rate sampling interval: 3532ms
  Thread calibration: mean lat.: 892.170ms, rate sampling interval: 3598ms
  Thread calibration: mean lat.: 1051.142ms, rate sampling interval: 3756ms
  Thread calibration: mean lat.: 890.034ms, rate sampling interval: 3553ms
  Thread Stats   Avg      Stdev     Max   +/- Stdev
    Latency     7.39s     3.12s   14.01s    57.91%
    Req/Sec    68.54k     0.94k   70.42k    66.04%
  Latency Distribution (HdrHistogram - Recorded Latency)
 50.000%    7.37s 
 75.000%   10.09s 
 90.000%   11.71s 
 99.000%   12.85s 
 99.900%   13.47s 
 99.990%   13.84s 
 99.999%   14.00s 
100.000%   14.02s 

  Detailed Percentile spectrum:
       Value   Percentile   TotalCount 1/(1-Percentile)

    1786.879     0.000000            1         1.00
    3092.479     0.100000      1363854         1.11
    4157.439     0.200000      2723275         1.25
    5238.783     0.300000      4085206         1.43
    6291.455     0.400000      5446940         1.67
    7372.799     0.500000      6811394         2.00
    7905.279     0.550000      7489590         2.22
    8445.951     0.600000      8176576         2.50
    8986.623     0.650000      8852892         2.86
    9543.679     0.700000      9537989         3.33
   10092.543     0.750000     10214330         4.00
   10362.879     0.775000     10561262         4.44
   10633.215     0.800000     10901171         5.00
   10903.551     0.825000     11234897         5.71
   11173.887     0.850000     11573736         6.67
   11444.223     0.875000     11922498         8.00
   11575.295     0.887500     12090290         8.89
   11714.559     0.900000     12262889        10.00
   11845.631     0.912500     12425818        11.43
   11984.895     0.925000     12601618        13.33
   12124.159     0.937500     12770102        16.00
   12197.887     0.943750     12856204        17.78
   12271.615     0.950000     12940367        20.00
   12345.343     0.956250     13023256        22.86
   12427.263     0.962500     13112894        26.67
   12509.183     0.968750     13195920        32.00
   12550.143     0.971875     13235940        35.56
   12599.295     0.975000     13280896        40.00
   12640.255     0.978125     13317995        45.71
   12689.407     0.981250     13361211        53.33
   12746.751     0.984375     13409504        64.00
   12771.327     0.985938     13428022        71.11
   12795.903     0.987500     13445476        80.00
   12828.671     0.989062     13467700        91.43
   12869.631     0.990625     13491544       106.67
   12910.591     0.992188     13511196       128.00
   12935.167     0.992969     13521079       142.22
   12967.935     0.993750     13532939       160.00
   13000.703     0.994531     13542764       182.86
   13041.663     0.995313     13553206       213.33
   13090.815     0.996094     13563742       256.00
   13115.391     0.996484     13568062       284.44
   13148.159     0.996875     13573295       320.00
   13189.119     0.997266     13579090       365.71
   13230.079     0.997656     13584035       426.67
   13279.231     0.998047     13589316       512.00
   13303.807     0.998242     13591670       568.89
   13344.767     0.998437     13594763       640.00
   13377.535     0.998633     13596932       731.43
   13426.687     0.998828     13599729       853.33
   13475.839     0.999023     13602531      1024.00
   13500.415     0.999121     13603925      1137.78
   13524.991     0.999219     13605205      1280.00
   13549.567     0.999316     13606453      1462.86
   13574.143     0.999414     13607784      1706.67
   13598.719     0.999512     13609114      2048.00
   13615.103     0.999561     13609893      2275.56
   13623.295     0.999609     13610239      2560.00
   13639.679     0.999658     13610994      2925.71
   13656.063     0.999707     13611562      3413.33
   13688.831     0.999756     13612306      4096.00
   13705.215     0.999780     13612651      4551.11
   13721.599     0.999805     13612929      5120.00
   13746.175     0.999829     13613282      5851.43
   13770.751     0.999854     13613543      6826.67
   13803.519     0.999878     13613868      8192.00
   13819.903     0.999890     13614041      9102.22
   13836.287     0.999902     13614216     10240.00
   13860.863     0.999915     13614437     11702.86
   13869.055     0.999927     13614547     13653.33
   13893.631     0.999939     13614735     16384.00
   13901.823     0.999945     13614795     18204.44
   13910.015     0.999951     13614867     20480.00
   13926.399     0.999957     13614993     23405.71
   13934.591     0.999963     13615055     27306.67
   13942.783     0.999969     13615121     32768.00
   13950.975     0.999973     13615184     36408.89
   13959.167     0.999976     13615237     40960.00
   13959.167     0.999979     13615237     46811.43
   13967.359     0.999982     13615284     54613.33
   13983.743     0.999985     13615340     65536.00
   13983.743     0.999986     13615340     72817.78
   13991.935     0.999988     13615382     81920.00
   13991.935     0.999989     13615382     93622.86
   14000.127     0.999991     13615434    109226.67
   14000.127     0.999992     13615434    131072.00
   14000.127     0.999993     13615434    145635.56
   14008.319     0.999994     13615491    163840.00
   14008.319     0.999995     13615491    187245.71
   14008.319     0.999995     13615491    218453.33
   14008.319     0.999996     13615491    262144.00
   14008.319     0.999997     13615491    291271.11
   14008.319     0.999997     13615491    327680.00
   14008.319     0.999997     13615491    374491.43
   14016.511     0.999998     13615523    436906.67
   14016.511     1.000000     13615523          inf
#[Mean    =     7391.502, StdDeviation   =     3122.433]
#[Max     =    14008.320, Total count    =     13615523]
#[Buckets =           27, SubBuckets     =         2048]
----------------------------------------------------------
  16389165 requests in 1.00m, 19.43GB read
Requests/sec: 273151.62
Transfer/sec:    331.61MB
