Running 1m test @ http://192.168.100.100:8080/exp1-1k.txt
  4 threads and 256 connections
  Thread calibration: mean lat.: 1145.414ms, rate sampling interval: 4038ms
  Thread calibration: mean lat.: 1104.303ms, rate sampling interval: 4071ms
  Thread calibration: mean lat.: 1131.753ms, rate sampling interval: 4016ms
  Thread calibration: mean lat.: 1054.157ms, rate sampling interval: 3917ms
  Thread Stats   Avg      Stdev     Max   +/- Stdev
    Latency     7.71s     3.17s   13.93s    57.76%
    Req/Sec    68.25k   747.19    69.42k    68.75%
  Latency Distribution (HdrHistogram - Recorded Latency)
 50.000%    7.72s 
 75.000%   10.44s 
 90.000%   12.08s 
 99.000%   13.18s 
 99.900%   13.57s 
 99.990%   13.87s 
 99.999%   13.93s 
100.000%   13.94s 

  Detailed Percentile spectrum:
       Value   Percentile   TotalCount 1/(1-Percentile)

    1945.599     0.000000            1         1.00
    3323.903     0.100000      1355914         1.11
    4407.295     0.200000      2712425         1.25
    5517.311     0.300000      4070577         1.43
    6606.847     0.400000      5426906         1.67
    7716.863     0.500000      6783339         2.00
    8253.439     0.550000      7457977         2.22
    8806.399     0.600000      8139224         2.50
    9355.263     0.650000      8818235         2.86
    9895.935     0.700000      9499172         3.33
   10436.607     0.750000     10171521         4.00
   10715.135     0.775000     10508937         4.44
   10993.663     0.800000     10848721         5.00
   11272.191     0.825000     11195335         5.71
   11542.527     0.850000     11534047         6.67
   11804.671     0.875000     11865652         8.00
   11952.127     0.887500     12043695         8.89
   12083.199     0.900000     12205120        10.00
   12222.463     0.912500     12380402        11.43
   12353.535     0.925000     12546543        13.33
   12492.799     0.937500     12718552        16.00
   12558.335     0.943750     12796924        17.78
   12632.063     0.950000     12887515        20.00
   12705.791     0.956250     12973879        22.86
   12779.519     0.962500     13059208        26.67
   12853.247     0.968750     13138908        32.00
   12894.207     0.971875     13179815        35.56
   12935.167     0.975000     13220878        40.00
   12984.319     0.978125     13269518        45.71
   13025.279     0.981250     13308606        53.33
   13074.431     0.984375     13351484        64.00
   13099.007     0.985938     13371254        71.11
   13131.775     0.987500     13395146        80.00
   13156.351     0.989062     13411963        91.43
   13189.119     0.990625     13432547       106.67
   13230.079     0.992188     13456079       128.00
   13246.463     0.992969     13465140       142.22
   13271.039     0.993750     13477174       160.00
   13295.615     0.994531     13488080       182.86
   13320.191     0.995313     13497372       213.33
   13352.959     0.996094     13508076       256.00
   13369.343     0.996484     13512809       284.44
   13385.727     0.996875     13517434       320.00
   13410.303     0.997266     13523776       365.71
   13426.687     0.997656     13527450       426.67
   13451.263     0.998047     13532582       512.00
   13467.647     0.998242     13535282       568.89
   13492.223     0.998437     13538313       640.00
   13516.799     0.998633     13540619       731.43
   13549.567     0.998828     13543248       853.33
   13582.335     0.999023     13546100      1024.00
   13598.719     0.999121     13547423      1137.78
   13615.103     0.999219     13548514      1280.00
   13639.679     0.999316     13550017      1462.86
   13664.255     0.999414     13551356      1706.67
   13688.831     0.999512     13552396      2048.00
   13705.215     0.999561     13553024      2275.56
   13729.791     0.999609     13553888      2560.00
   13746.175     0.999658     13554483      2925.71
   13762.559     0.999707     13554979      3413.33
   13787.135     0.999756     13555653      4096.00
   13803.519     0.999780     13556149      4551.11
   13811.711     0.999805     13556402      5120.00
   13819.903     0.999829     13556655      5851.43
   13836.287     0.999854     13556999      6826.67
   13852.671     0.999878     13557358      8192.00
   13860.863     0.999890     13557550      9102.22
   13869.055     0.999902     13557742     10240.00
   13877.247     0.999915     13557941     11702.86
   13877.247     0.999927     13557941     13653.33
   13885.439     0.999939     13558132     16384.00
   13893.631     0.999945     13558327     18204.44
   13893.631     0.999951     13558327     20480.00
   13901.823     0.999957     13558474     23405.71
   13901.823     0.999963     13558474     27306.67
   13910.015     0.999969     13558591     32768.00
   13910.015     0.999973     13558591     36408.89
   13910.015     0.999976     13558591     40960.00
   13918.207     0.999979     13558716     46811.43
   13918.207     0.999982     13558716     54613.33
   13918.207     0.999985     13558716     65536.00
   13926.399     0.999986     13558813     72817.78
   13926.399     0.999988     13558813     81920.00
   13926.399     0.999989     13558813     93622.86
   13926.399     0.999991     13558813    109226.67
   13926.399     0.999992     13558813    131072.00
   13934.591     0.999993     13558861    145635.56
   13934.591     0.999994     13558861    163840.00
   13934.591     0.999995     13558861    187245.71
   13934.591     0.999995     13558861    218453.33
   13934.591     0.999996     13558861    262144.00
   13934.591     0.999997     13558861    291271.11
   13942.783     0.999997     13558907    327680.00
   13942.783     1.000000     13558907          inf
#[Mean    =     7705.279, StdDeviation   =     3167.696]
#[Max     =    13934.592, Total count    =     13558907]
#[Buckets =           27, SubBuckets     =         2048]
----------------------------------------------------------
  16332690 requests in 1.00m, 19.36GB read
Requests/sec: 272209.53
Transfer/sec:    330.47MB
