Running 1m test @ http://192.168.100.100:8080/exp1-1k.txt
  4 threads and 256 connections
  Thread calibration: mean lat.: 915.647ms, rate sampling interval: 3555ms
  Thread calibration: mean lat.: 920.892ms, rate sampling interval: 3629ms
  Thread calibration: mean lat.: 867.108ms, rate sampling interval: 3481ms
  Thread calibration: mean lat.: 987.221ms, rate sampling interval: 3516ms
  Thread Stats   Avg      Stdev     Max   +/- Stdev
    Latency     7.41s     3.13s   13.73s    58.04%
    Req/Sec    68.43k   799.61    70.06k    68.52%
  Latency Distribution (HdrHistogram - Recorded Latency)
 50.000%    7.40s 
 75.000%   10.10s 
 90.000%   11.73s 
 99.000%   12.88s 
 99.900%   13.34s 
 99.990%   13.56s 
 99.999%   13.70s 
100.000%   13.74s 

  Detailed Percentile spectrum:
       Value   Percentile   TotalCount 1/(1-Percentile)

    1732.607     0.000000            2         1.00
    3061.759     0.100000      1360751         1.11
    4163.583     0.200000      2721243         1.25
    5242.879     0.300000      4085103         1.43
    6328.319     0.400000      5443300         1.67
    7401.471     0.500000      6800378         2.00
    7954.431     0.550000      7483511         2.22
    8478.719     0.600000      8169984         2.50
    9019.391     0.650000      8849217         2.86
    9551.871     0.700000      9521254         3.33
   10100.735     0.750000     10208482         4.00
   10371.071     0.775000     10542930         4.44
   10649.599     0.800000     10886065         5.00
   10919.935     0.825000     11222935         5.71
   11190.271     0.850000     11563477         6.67
   11468.799     0.875000     11907854         8.00
   11599.871     0.887500     12072139         8.89
   11730.943     0.900000     12242667        10.00
   11870.207     0.912500     12419748        11.43
   12009.471     0.925000     12589606        13.33
   12148.735     0.937500     12753528        16.00
   12222.463     0.943750     12844781        17.78
   12287.999     0.950000     12924307        20.00
   12361.727     0.956250     13012660        22.86
   12435.455     0.962500     13095678        26.67
   12517.375     0.968750     13183400        32.00
   12558.335     0.971875     13223429        35.56
   12599.295     0.975000     13261543        40.00
   12648.447     0.978125     13304386        45.71
   12705.791     0.981250     13350969        53.33
   12754.943     0.984375     13388356        64.00
   12787.711     0.985938     13411900        71.11
   12820.479     0.987500     13433992        80.00
   12853.247     0.989062     13453652        91.43
   12894.207     0.990625     13475273       106.67
   12943.359     0.992188     13497433       128.00
   12967.935     0.992969     13507194       142.22
   12992.511     0.993750     13516391       160.00
   13025.279     0.994531     13527109       182.86
   13058.047     0.995313     13536935       213.33
   13099.007     0.996094     13547767       256.00
   13123.583     0.996484     13553498       284.44
   13148.159     0.996875     13558583       320.00
   13172.735     0.997266     13563264       365.71
   13205.503     0.997656     13569156       426.67
   13246.463     0.998047     13574899       512.00
   13262.847     0.998242     13577279       568.89
   13279.231     0.998437     13579596       640.00
   13303.807     0.998633     13582825       731.43
   13320.191     0.998828     13584674       853.33
   13344.767     0.999023     13587395      1024.00
   13361.151     0.999121     13588973      1137.78
   13377.535     0.999219     13590593      1280.00
   13385.727     0.999316     13591372      1462.86
   13402.111     0.999414     13592723      1706.67
   13418.495     0.999512     13593888      2048.00
   13434.879     0.999561     13594735      2275.56
   13443.071     0.999609     13595136      2560.00
   13459.455     0.999658     13595882      2925.71
   13475.839     0.999707     13596564      3413.33
   13492.223     0.999756     13597247      4096.00
   13500.415     0.999780     13597542      4551.11
   13508.607     0.999805     13597806      5120.00
   13524.991     0.999829     13598281      5851.43
   13533.183     0.999854     13598512      6826.67
   13549.567     0.999878     13598941      8192.00
   13557.759     0.999890     13599124      9102.22
   13557.759     0.999902     13599124     10240.00
   13565.951     0.999915     13599296     11702.86
   13574.143     0.999927     13599475     13653.33
   13590.527     0.999939     13599695     16384.00
   13590.527     0.999945     13599695     18204.44
   13606.911     0.999951     13599842     20480.00
   13615.103     0.999957     13599914     23405.71
   13623.295     0.999963     13599963     27306.67
   13639.679     0.999969     13600059     32768.00
   13647.871     0.999973     13600106     36408.89
   13656.063     0.999976     13600152     40960.00
   13656.063     0.999979     13600152     46811.43
   13664.255     0.999982     13600201     54613.33
   13672.447     0.999985     13600249     65536.00
   13680.639     0.999986     13600274     72817.78
   13688.831     0.999988     13600296     81920.00
   13688.831     0.999989     13600296     93622.86
   13697.023     0.999991     13600322    109226.67
   13705.215     0.999992     13600346    131072.00
   13713.407     0.999993     13600372    145635.56
   13713.407     0.999994     13600372    163840.00
   13713.407     0.999995     13600372    187245.71
   13721.599     0.999995     13600397    218453.33
   13721.599     0.999996     13600397    262144.00
   13721.599     0.999997     13600397    291271.11
   13729.791     0.999997     13600422    327680.00
   13729.791     0.999997     13600422    374491.43
   13729.791     0.999998     13600422    436906.67
   13729.791     0.999998     13600422    524288.00
   13729.791     0.999998     13600422    582542.22
   13729.791     0.999998     13600422    655360.00
   13737.983     0.999999     13600441    748982.86
   13737.983     1.000000     13600441          inf
#[Mean    =     7405.744, StdDeviation   =     3132.922]
#[Max     =    13729.792, Total count    =     13600441]
#[Buckets =           27, SubBuckets     =         2048]
----------------------------------------------------------
  16383656 requests in 1.00m, 19.42GB read
Requests/sec: 273060.30
Transfer/sec:    331.50MB
