Running 1m test @ http://192.168.100.100:8080/exp1-1k.txt
  4 threads and 256 connections
  Thread calibration: mean lat.: 938.580ms, rate sampling interval: 3581ms
  Thread calibration: mean lat.: 855.882ms, rate sampling interval: 3483ms
  Thread calibration: mean lat.: 1094.531ms, rate sampling interval: 3962ms
  Thread calibration: mean lat.: 1051.251ms, rate sampling interval: 3815ms
  Thread Stats   Avg      Stdev     Max   +/- Stdev
    Latency     7.58s     3.18s   14.11s    57.97%
    Req/Sec    68.11k     0.97k   69.74k    71.15%
  Latency Distribution (HdrHistogram - Recorded Latency)
 50.000%    7.56s 
 75.000%   10.32s 
 90.000%   11.99s 
 99.000%   13.11s 
 99.900%   13.53s 
 99.990%   13.91s 
 99.999%   14.08s 
100.000%   14.12s 

  Detailed Percentile spectrum:
       Value   Percentile   TotalCount 1/(1-Percentile)

    1728.511     0.000000            1         1.00
    3192.831     0.100000      1354562         1.11
    4296.703     0.200000      2707573         1.25
    5378.047     0.300000      4061632         1.43
    6471.679     0.400000      5415943         1.67
    7561.215     0.500000      6766667         2.00
    8110.079     0.550000      7445136         2.22
    8667.135     0.600000      8126952         2.50
    9224.191     0.650000      8801899         2.86
    9764.863     0.700000      9473897         3.33
   10321.919     0.750000     10154356         4.00
   10600.447     0.775000     10487669         4.44
   10887.167     0.800000     10830131         5.00
   11157.503     0.825000     11162850         5.71
   11436.031     0.850000     11507923         6.67
   11714.559     0.875000     11841790         8.00
   11853.823     0.887500     12009995         8.89
   11993.087     0.900000     12180920        10.00
   12124.159     0.912500     12347457        11.43
   12263.423     0.925000     12523298        13.33
   12402.687     0.937500     12690314        16.00
   12476.415     0.943750     12776439        17.78
   12550.143     0.950000     12859809        20.00
   12623.871     0.956250     12944209        22.86
   12697.599     0.962500     13032011        26.67
   12771.327     0.968750     13113835        32.00
   12812.287     0.971875     13157395        35.56
   12853.247     0.975000     13199121        40.00
   12894.207     0.978125     13238429        45.71
   12943.359     0.981250     13283861        53.33
   12992.511     0.984375     13322404        64.00
   13017.087     0.985938     13340722        71.11
   13049.855     0.987500     13363391        80.00
   13082.623     0.989062     13384784        91.43
   13123.583     0.990625     13407869       106.67
   13156.351     0.992188     13425244       128.00
   13180.927     0.992969     13437649       142.22
   13205.503     0.993750     13448614       160.00
   13230.079     0.994531     13457962       182.86
   13262.847     0.995313     13468629       213.33
   13295.615     0.996094     13478607       256.00
   13320.191     0.996484     13485164       284.44
   13336.575     0.996875     13488793       320.00
   13369.343     0.997266     13494947       365.71
   13402.111     0.997656     13500402       426.67
   13434.879     0.998047     13505145       512.00
   13451.263     0.998242     13507142       568.89
   13475.839     0.998437     13510749       640.00
   13492.223     0.998633     13512955       731.43
   13508.607     0.998828     13514890       853.33
   13541.375     0.999023     13517989      1024.00
   13557.759     0.999121     13519504      1137.78
   13565.951     0.999219     13520272      1280.00
   13582.335     0.999316     13521583      1462.86
   13598.719     0.999414     13522798      1706.67
   13623.295     0.999512     13524288      2048.00
   13639.679     0.999561     13524978      2275.56
   13656.063     0.999609     13525640      2560.00
   13672.447     0.999658     13526210      2925.71
   13697.023     0.999707     13526869      3413.33
   13729.791     0.999756     13527470      4096.00
   13746.175     0.999780     13527715      4551.11
   13778.943     0.999805     13528066      5120.00
   13811.711     0.999829     13528418      5851.43
   13852.671     0.999854     13528760      6826.67
   13885.439     0.999878     13529036      8192.00
   13901.823     0.999890     13529261      9102.22
   13910.015     0.999902     13529381     10240.00
   13926.399     0.999915     13529587     11702.86
   13942.783     0.999927     13529783     13653.33
   13950.975     0.999939     13529885     16384.00
   13959.167     0.999945     13529981     18204.44
   13975.551     0.999951     13530036     20480.00
   14000.127     0.999957     13530112     23405.71
   14024.703     0.999963     13530281     27306.67
   14024.703     0.999969     13530281     32768.00
   14032.895     0.999973     13530361     36408.89
   14032.895     0.999976     13530361     40960.00
   14041.087     0.999979     13530401     46811.43
   14057.471     0.999982     13530456     54613.33
   14065.663     0.999985     13530483     65536.00
   14073.855     0.999986     13530525     72817.78
   14073.855     0.999988     13530525     81920.00
   14082.047     0.999989     13530553     93622.86
   14090.239     0.999991     13530581    109226.67
   14090.239     0.999992     13530581    131072.00
   14098.431     0.999993     13530605    145635.56
   14098.431     0.999994     13530605    163840.00
   14106.623     0.999995     13530630    187245.71
   14106.623     0.999995     13530630    218453.33
   14114.815     0.999996     13530657    262144.00
   14114.815     0.999997     13530657    291271.11
   14114.815     0.999997     13530657    327680.00
   14114.815     0.999997     13530657    374491.43
   14114.815     0.999998     13530657    436906.67
   14123.007     0.999998     13530683    524288.00
   14123.007     1.000000     13530683          inf
#[Mean    =     7578.873, StdDeviation   =     3181.930]
#[Max     =    14114.816, Total count    =     13530683]
#[Buckets =           27, SubBuckets     =         2048]
----------------------------------------------------------
  16211638 requests in 1.00m, 19.22GB read
Requests/sec: 270194.24
Transfer/sec:    328.02MB
