Running 1m test @ http://192.168.100.1:8080/exp1-1k.txt
  4 threads and 256 connections
  Thread calibration: mean lat.: 1.595ms, rate sampling interval: 10ms
  Thread calibration: mean lat.: 2.157ms, rate sampling interval: 10ms
  Thread calibration: mean lat.: 2.171ms, rate sampling interval: 10ms
  Thread calibration: mean lat.: 2.178ms, rate sampling interval: 10ms
  Thread Stats   Avg      Stdev     Max   +/- Stdev
    Latency     2.07ms  772.39us  10.01ms   66.50%
    Req/Sec    13.15k     1.41k   21.00k    81.34%
  Latency Distribution (HdrHistogram - Recorded Latency)
 50.000%    2.12ms
 75.000%    2.61ms
 90.000%    3.02ms
 99.000%    3.72ms
 99.900%    4.78ms
 99.990%    7.48ms
 99.999%    8.70ms
100.000%   10.02ms

  Detailed Percentile spectrum:
       Value   Percentile   TotalCount 1/(1-Percentile)

       0.161     0.000000            2         1.00
       0.960     0.100000       248729         1.11
       1.363     0.200000       496884         1.25
       1.688     0.300000       745792         1.43
       1.928     0.400000       993764         1.67
       2.125     0.500000      1242890         2.00
       2.217     0.550000      1366257         2.22
       2.311     0.600000      1492204         2.50
       2.405     0.650000      1616017         2.86
       2.503     0.700000      1739918         3.33
       2.607     0.750000      1863981         4.00
       2.663     0.775000      1926627         4.44
       2.721     0.800000      1988132         5.00
       2.783     0.825000      2049624         5.71
       2.851     0.850000      2111431         6.67
       2.929     0.875000      2175019         8.00
       2.969     0.887500      2204727         8.89
       3.015     0.900000      2236078        10.00
       3.065     0.912500      2267233        11.43
       3.119     0.925000      2297723        13.33
       3.181     0.937500      2329190        16.00
       3.215     0.943750      2344518        17.78
       3.253     0.950000      2360309        20.00
       3.295     0.956250      2375858        22.86
       3.341     0.962500      2390891        26.67
       3.397     0.968750      2406556        32.00
       3.429     0.971875      2414348        35.56
       3.463     0.975000      2422128        40.00
       3.501     0.978125      2429811        45.71
       3.545     0.981250      2437668        53.33
       3.595     0.984375      2445258        64.00
       3.625     0.985938      2449167        71.11
       3.657     0.987500      2452927        80.00
       3.695     0.989062      2456966        91.43
       3.737     0.990625      2460695       106.67
       3.789     0.992188      2464629       128.00
       3.819     0.992969      2466572       142.22
       3.853     0.993750      2468464       160.00
       3.893     0.994531      2470381       182.86
       3.941     0.995313      2472343       213.33
       4.001     0.996094      2474293       256.00
       4.035     0.996484      2475243       284.44
       4.075     0.996875      2476194       320.00
       4.127     0.997266      2477168       365.71
       4.187     0.997656      2478146       426.67
       4.271     0.998047      2479132       512.00
       4.319     0.998242      2479596       568.89
       4.383     0.998437      2480080       640.00
       4.483     0.998633      2480560       731.43
       4.615     0.998828      2481050       853.33
       4.799     0.999023      2481536      1024.00
       4.923     0.999121      2481777      1137.78
       5.071     0.999219      2482019      1280.00
       5.239     0.999316      2482259      1462.86
       5.431     0.999414      2482502      1706.67
       5.639     0.999512      2482749      2048.00
       5.771     0.999561      2482865      2275.56
       5.919     0.999609      2482989      2560.00
       6.071     0.999658      2483114      2925.71
       6.227     0.999707      2483229      3413.33
       6.511     0.999756      2483353      4096.00
       6.643     0.999780      2483411      4551.11
       6.763     0.999805      2483475      5120.00
       6.887     0.999829      2483534      5851.43
       7.051     0.999854      2483594      6826.67
       7.211     0.999878      2483653      8192.00
       7.347     0.999890      2483684      9102.22
       7.507     0.999902      2483715     10240.00
       7.707     0.999915      2483744     11702.86
       7.815     0.999927      2483775     13653.33
       7.879     0.999939      2483805     16384.00
       7.971     0.999945      2483822     18204.44
       8.023     0.999951      2483836     20480.00
       8.107     0.999957      2483850     23405.71
       8.199     0.999963      2483868     27306.67
       8.279     0.999969      2483883     32768.00
       8.303     0.999973      2483888     36408.89
       8.335     0.999976      2483896     40960.00
       8.391     0.999979      2483903     46811.43
       8.447     0.999982      2483913     54613.33
       8.463     0.999985      2483919     65536.00
       8.495     0.999986      2483922     72817.78
       8.591     0.999988      2483927     81920.00
       8.663     0.999989      2483930     93622.86
       8.751     0.999991      2483934    109226.67
       8.871     0.999992      2483938    131072.00
       8.887     0.999993      2483939    145635.56
       8.927     0.999994      2483941    163840.00
       8.959     0.999995      2483943    187245.71
       9.143     0.999995      2483945    218453.33
       9.407     0.999996      2483947    262144.00
       9.431     0.999997      2483948    291271.11
       9.487     0.999997      2483949    327680.00
       9.535     0.999997      2483950    374491.43
       9.567     0.999998      2483951    436906.67
       9.631     0.999998      2483952    524288.00
       9.631     0.999998      2483952    582542.22
       9.639     0.999998      2483953    655360.00
       9.639     0.999999      2483953    748982.86
       9.695     0.999999      2483954    873813.33
       9.695     0.999999      2483954   1048576.00
       9.695     0.999999      2483954   1165084.44
       9.711     0.999999      2483955   1310720.00
       9.711     0.999999      2483955   1497965.71
       9.711     0.999999      2483955   1747626.67
       9.711     1.000000      2483955   2097152.00
       9.711     1.000000      2483955   2330168.89
      10.015     1.000000      2483956   2621440.00
      10.015     1.000000      2483956          inf
#[Mean    =        2.068, StdDeviation   =        0.772]
#[Max     =       10.008, Total count    =      2483956]
#[Buckets =           27, SubBuckets     =         2048]
----------------------------------------------------------
  2960317 requests in 1.00m, 3.51GB read
Requests/sec:  49338.38
Transfer/sec:     59.90MB
