Running 1m test @ http://192.168.100.1:8080/exp1-1k.txt
  4 threads and 256 connections
  Thread calibration: mean lat.: 1.627ms, rate sampling interval: 10ms
  Thread calibration: mean lat.: 1.534ms, rate sampling interval: 10ms
  Thread calibration: mean lat.: 1.509ms, rate sampling interval: 10ms
  Thread calibration: mean lat.: 1.514ms, rate sampling interval: 10ms
  Thread Stats   Avg      Stdev     Max   +/- Stdev
    Latency     1.51ms  581.33us  11.62ms   67.15%
    Req/Sec    13.17k     1.16k   21.22k    78.94%
  Latency Distribution (HdrHistogram - Recorded Latency)
 50.000%    1.48ms
 75.000%    1.90ms
 90.000%    2.27ms
 99.000%    2.94ms
 99.900%    3.73ms
 99.990%    6.01ms
 99.999%    8.25ms
100.000%   11.62ms

  Detailed Percentile spectrum:
       Value   Percentile   TotalCount 1/(1-Percentile)

       0.126     0.000000            1         1.00
       0.763     0.100000       248657         1.11
       0.994     0.200000       497693         1.25
       1.172     0.300000       746068         1.43
       1.326     0.400000       993661         1.67
       1.478     0.500000      1243289         2.00
       1.555     0.550000      1367583         2.22
       1.634     0.600000      1491881         2.50
       1.716     0.650000      1615627         2.86
       1.802     0.700000      1738935         3.33
       1.896     0.750000      1863416         4.00
       1.946     0.775000      1925637         4.44
       1.999     0.800000      1987773         5.00
       2.057     0.825000      2050792         5.71
       2.119     0.850000      2112668         6.67
       2.187     0.875000      2173497         8.00
       2.227     0.887500      2205673         8.89
       2.269     0.900000      2236822        10.00
       2.313     0.912500      2266647        11.43
       2.365     0.925000      2298533        13.33
       2.421     0.937500      2328893        16.00
       2.453     0.943750      2344410        17.78
       2.489     0.950000      2360416        20.00
       2.527     0.956250      2375246        22.86
       2.573     0.962500      2391239        26.67
       2.623     0.968750      2406336        32.00
       2.653     0.971875      2414331        35.56
       2.685     0.975000      2421934        40.00
       2.723     0.978125      2429857        45.71
       2.765     0.981250      2437410        53.33
       2.815     0.984375      2445101        64.00
       2.843     0.985938      2448972        71.11
       2.877     0.987500      2452942        80.00
       2.913     0.989062      2456661        91.43
       2.955     0.990625      2460566       106.67
       3.005     0.992188      2464485       128.00
       3.035     0.992969      2466437       142.22
       3.067     0.993750      2468302       160.00
       3.105     0.994531      2470243       182.86
       3.153     0.995313      2472202       213.33
       3.209     0.996094      2474121       256.00
       3.243     0.996484      2475120       284.44
       3.283     0.996875      2476092       320.00
       3.329     0.997266      2477051       365.71
       3.383     0.997656      2478002       426.67
       3.447     0.998047      2478966       512.00
       3.489     0.998242      2479460       568.89
       3.537     0.998437      2479935       640.00
       3.595     0.998633      2480421       731.43
       3.663     0.998828      2480907       853.33
       3.741     0.999023      2481387      1024.00
       3.799     0.999121      2481631      1137.78
       3.861     0.999219      2481881      1280.00
       3.921     0.999316      2482115      1462.86
       4.017     0.999414      2482357      1706.67
       4.159     0.999512      2482606      2048.00
       4.247     0.999561      2482722      2275.56
       4.363     0.999609      2482842      2560.00
       4.567     0.999658      2482964      2925.71
       4.787     0.999707      2483085      3413.33
       5.083     0.999756      2483206      4096.00
       5.259     0.999780      2483268      4551.11
       5.411     0.999805      2483327      5120.00
       5.587     0.999829      2483389      5851.43
       5.739     0.999854      2483451      6826.67
       5.867     0.999878      2483510      8192.00
       5.951     0.999890      2483540      9102.22
       6.031     0.999902      2483570     10240.00
       6.119     0.999915      2483601     11702.86
       6.235     0.999927      2483631     13653.33
       6.363     0.999939      2483661     16384.00
       6.447     0.999945      2483676     18204.44
       6.507     0.999951      2483691     20480.00
       6.691     0.999957      2483706     23405.71
       6.891     0.999963      2483722     27306.67
       7.119     0.999969      2483737     32768.00
       7.187     0.999973      2483744     36408.89
       7.335     0.999976      2483752     40960.00
       7.367     0.999979      2483759     46811.43
       7.615     0.999982      2483767     54613.33
       7.843     0.999985      2483775     65536.00
       7.863     0.999986      2483778     72817.78
       8.071     0.999988      2483782     81920.00
       8.215     0.999989      2483786     93622.86
       8.351     0.999991      2483790    109226.67
       8.583     0.999992      2483794    131072.00
       8.599     0.999993      2483795    145635.56
       8.687     0.999994      2483797    163840.00
       8.743     0.999995      2483799    187245.71
       8.815     0.999995      2483801    218453.33
       8.855     0.999996      2483803    262144.00
       9.087     0.999997      2483804    291271.11
      10.551     0.999997      2483805    327680.00
      11.087     0.999997      2483806    374491.43
      11.103     0.999998      2483807    436906.67
      11.175     0.999998      2483808    524288.00
      11.175     0.999998      2483808    582542.22
      11.255     0.999998      2483809    655360.00
      11.255     0.999999      2483809    748982.86
      11.271     0.999999      2483810    873813.33
      11.271     0.999999      2483810   1048576.00
      11.271     0.999999      2483810   1165084.44
      11.431     0.999999      2483811   1310720.00
      11.431     0.999999      2483811   1497965.71
      11.431     0.999999      2483811   1747626.67
      11.431     1.000000      2483811   2097152.00
      11.431     1.000000      2483811   2330168.89
      11.623     1.000000      2483812   2621440.00
      11.623     1.000000      2483812          inf
#[Mean    =        1.508, StdDeviation   =        0.581]
#[Max     =       11.616, Total count    =      2483812]
#[Buckets =           27, SubBuckets     =         2048]
----------------------------------------------------------
  2949606 requests in 1.00m, 3.50GB read
Requests/sec:  49159.70
Transfer/sec:     59.68MB
