Running 1m test @ http://192.168.100.1:8080/exp1-1k.txt
  4 threads and 256 connections
  Thread calibration: mean lat.: 2.096ms, rate sampling interval: 10ms
  Thread calibration: mean lat.: 2.162ms, rate sampling interval: 10ms
  Thread calibration: mean lat.: 1.666ms, rate sampling interval: 10ms
  Thread calibration: mean lat.: 2.144ms, rate sampling interval: 10ms
  Thread Stats   Avg      Stdev     Max   +/- Stdev
    Latency     2.03ms  745.20us  11.15ms   67.27%
    Req/Sec    13.16k     1.31k   20.00k    80.46%
  Latency Distribution (HdrHistogram - Recorded Latency)
 50.000%    2.07ms
 75.000%    2.54ms
 90.000%    2.95ms
 99.000%    3.68ms
 99.900%    4.50ms
 99.990%    7.31ms
 99.999%    9.78ms
100.000%   11.16ms

  Detailed Percentile spectrum:
       Value   Percentile   TotalCount 1/(1-Percentile)

       0.173     0.000000            1         1.00
       0.963     0.100000       248528         1.11
       1.375     0.200000       497196         1.25
       1.671     0.300000       745678         1.43
       1.886     0.400000       994757         1.67
       2.069     0.500000      1242283         2.00
       2.157     0.550000      1366483         2.22
       2.247     0.600000      1491457         2.50
       2.339     0.650000      1616494         2.86
       2.435     0.700000      1740415         3.33
       2.537     0.750000      1863215         4.00
       2.593     0.775000      1926091         4.44
       2.651     0.800000      1987513         5.00
       2.715     0.825000      2050547         5.71
       2.783     0.850000      2111863         6.67
       2.861     0.875000      2174817         8.00
       2.903     0.887500      2205391         8.89
       2.949     0.900000      2236237        10.00
       2.999     0.912500      2266727        11.43
       3.055     0.925000      2297897        13.33
       3.119     0.937500      2329007        16.00
       3.155     0.943750      2344513        17.78
       3.195     0.950000      2360272        20.00
       3.237     0.956250      2375349        22.86
       3.287     0.962500      2391119        26.67
       3.343     0.968750      2406453        32.00
       3.375     0.971875      2414148        35.56
       3.411     0.975000      2422128        40.00
       3.449     0.978125      2429582        45.71
       3.495     0.981250      2437473        53.33
       3.547     0.984375      2445108        64.00
       3.579     0.985938      2449154        71.11
       3.613     0.987500      2452985        80.00
       3.651     0.989062      2456742        91.43
       3.695     0.990625      2460631       106.67
       3.747     0.992188      2464499       128.00
       3.777     0.992969      2466402       142.22
       3.813     0.993750      2468387       160.00
       3.853     0.994531      2470294       182.86
       3.899     0.995313      2472218       213.33
       3.957     0.996094      2474158       256.00
       3.989     0.996484      2475115       284.44
       4.025     0.996875      2476084       320.00
       4.069     0.997266      2477053       365.71
       4.123     0.997656      2478034       426.67
       4.187     0.998047      2479025       512.00
       4.227     0.998242      2479518       568.89
       4.271     0.998437      2479961       640.00
       4.335     0.998633      2480461       731.43
       4.415     0.998828      2480935       853.33
       4.511     0.999023      2481416      1024.00
       4.575     0.999121      2481665      1137.78
       4.663     0.999219      2481906      1280.00
       4.795     0.999316      2482147      1462.86
       4.935     0.999414      2482391      1706.67
       5.167     0.999512      2482630      2048.00
       5.311     0.999561      2482752      2275.56
       5.459     0.999609      2482870      2560.00
       5.647     0.999658      2482994      2925.71
       5.895     0.999707      2483113      3413.33
       6.195     0.999756      2483235      4096.00
       6.383     0.999780      2483295      4551.11
       6.531     0.999805      2483355      5120.00
       6.703     0.999829      2483417      5851.43
       6.883     0.999854      2483477      6826.67
       7.091     0.999878      2483539      8192.00
       7.223     0.999890      2483568      9102.22
       7.323     0.999902      2483599     10240.00
       7.475     0.999915      2483628     11702.86
       7.667     0.999927      2483660     13653.33
       7.919     0.999939      2483689     16384.00
       8.083     0.999945      2483704     18204.44
       8.271     0.999951      2483719     20480.00
       8.391     0.999957      2483734     23405.71
       8.663     0.999963      2483750     27306.67
       8.903     0.999969      2483765     32768.00
       8.999     0.999973      2483772     36408.89
       9.087     0.999976      2483780     40960.00
       9.175     0.999979      2483788     46811.43
       9.319     0.999982      2483795     54613.33
       9.527     0.999985      2483804     65536.00
       9.543     0.999986      2483806     72817.78
       9.559     0.999988      2483810     81920.00
       9.727     0.999989      2483814     93622.86
       9.951     0.999991      2483818    109226.67
      10.191     0.999992      2483822    131072.00
      10.255     0.999993      2483823    145635.56
      10.295     0.999994      2483825    163840.00
      10.359     0.999995      2483827    187245.71
      10.463     0.999995      2483829    218453.33
      10.535     0.999996      2483831    262144.00
      10.583     0.999997      2483833    291271.11
      10.583     0.999997      2483833    327680.00
      10.615     0.999997      2483834    374491.43
      10.655     0.999998      2483836    436906.67
      10.655     0.999998      2483836    524288.00
      10.655     0.999998      2483836    582542.22
      10.679     0.999998      2483837    655360.00
      10.679     0.999999      2483837    748982.86
      11.039     0.999999      2483838    873813.33
      11.039     0.999999      2483838   1048576.00
      11.039     0.999999      2483838   1165084.44
      11.135     0.999999      2483839   1310720.00
      11.135     0.999999      2483839   1497965.71
      11.135     0.999999      2483839   1747626.67
      11.135     1.000000      2483839   2097152.00
      11.135     1.000000      2483839   2330168.89
      11.159     1.000000      2483840   2621440.00
      11.159     1.000000      2483840          inf
#[Mean    =        2.029, StdDeviation   =        0.745]
#[Max     =       11.152, Total count    =      2483840]
#[Buckets =           27, SubBuckets     =         2048]
----------------------------------------------------------
  2960321 requests in 1.00m, 3.51GB read
Requests/sec:  49338.96
Transfer/sec:     59.90MB
