Running 1m test @ http://192.168.100.1:8080/exp1-1k.txt
  4 threads and 256 connections
  Thread calibration: mean lat.: 1.580ms, rate sampling interval: 10ms
  Thread calibration: mean lat.: 1.787ms, rate sampling interval: 10ms
  Thread calibration: mean lat.: 1.850ms, rate sampling interval: 10ms
  Thread calibration: mean lat.: 1.832ms, rate sampling interval: 10ms
  Thread Stats   Avg      Stdev     Max   +/- Stdev
    Latency     1.75ms  684.12us  14.10ms   68.08%
    Req/Sec    13.16k     1.28k   22.60k    78.05%
  Latency Distribution (HdrHistogram - Recorded Latency)
 50.000%    1.75ms
 75.000%    2.18ms
 90.000%    2.61ms
 99.000%    3.40ms
 99.900%    4.84ms
 99.990%    9.65ms
 99.999%   12.90ms
100.000%   14.11ms

  Detailed Percentile spectrum:
       Value   Percentile   TotalCount 1/(1-Percentile)

       0.167     0.000000            1         1.00
       0.858     0.100000       248502         1.11
       1.145     0.200000       497182         1.25
       1.382     0.300000       746228         1.43
       1.577     0.400000       994624         1.67
       1.746     0.500000      1242185         2.00
       1.827     0.550000      1366136         2.22
       1.909     0.600000      1491057         2.50
       1.994     0.650000      1615409         2.86
       2.083     0.700000      1739062         3.33
       2.183     0.750000      1864731         4.00
       2.237     0.775000      1926005         4.44
       2.295     0.800000      1987367         5.00
       2.359     0.825000      2049146         5.71
       2.433     0.850000      2112378         6.67
       2.515     0.875000      2174160         8.00
       2.561     0.887500      2204928         8.89
       2.611     0.900000      2235455        10.00
       2.667     0.912500      2266827        11.43
       2.729     0.925000      2297928        13.33
       2.799     0.937500      2328513        16.00
       2.839     0.943750      2344374        17.78
       2.881     0.950000      2359586        20.00
       2.929     0.956250      2375284        22.86
       2.983     0.962500      2390773        26.67
       3.045     0.968750      2406382        32.00
       3.079     0.971875      2413991        35.56
       3.119     0.975000      2421829        40.00
       3.163     0.978125      2429611        45.71
       3.211     0.981250      2437242        53.33
       3.267     0.984375      2445035        64.00
       3.299     0.985938      2448887        71.11
       3.337     0.987500      2452896        80.00
       3.375     0.989062      2456676        91.43
       3.419     0.990625      2460457       106.67
       3.471     0.992188      2464359       128.00
       3.503     0.992969      2466372       142.22
       3.537     0.993750      2468250       160.00
       3.577     0.994531      2470230       182.86
       3.623     0.995313      2472117       213.33
       3.683     0.996094      2474090       256.00
       3.717     0.996484      2475012       284.44
       3.759     0.996875      2475997       320.00
       3.809     0.997266      2476953       365.71
       3.877     0.997656      2477929       426.67
       3.969     0.998047      2478889       512.00
       4.037     0.998242      2479386       568.89
       4.131     0.998437      2479870       640.00
       4.271     0.998633      2480345       731.43
       4.495     0.998828      2480837       853.33
       4.907     0.999023      2481316      1024.00
       5.207     0.999121      2481557      1137.78
       5.535     0.999219      2481800      1280.00
       5.871     0.999316      2482046      1462.86
       6.215     0.999414      2482285      1706.67
       6.547     0.999512      2482530      2048.00
       6.767     0.999561      2482649      2275.56
       6.963     0.999609      2482770      2560.00
       7.131     0.999658      2482892      2925.71
       7.419     0.999707      2483013      3413.33
       7.771     0.999756      2483134      4096.00
       7.979     0.999780      2483194      4551.11
       8.263     0.999805      2483259      5120.00
       8.663     0.999829      2483315      5851.43
       9.031     0.999854      2483378      6826.67
       9.383     0.999878      2483436      8192.00
       9.543     0.999890      2483467      9102.22
       9.743     0.999902      2483497     10240.00
       9.999     0.999915      2483528     11702.86
      10.303     0.999927      2483558     13653.33
      10.823     0.999939      2483588     16384.00
      11.095     0.999945      2483604     18204.44
      11.263     0.999951      2483618     20480.00
      11.503     0.999957      2483633     23405.71
      11.847     0.999963      2483649     27306.67
      11.999     0.999969      2483664     32768.00
      12.103     0.999973      2483671     36408.89
      12.215     0.999976      2483679     40960.00
      12.287     0.999979      2483686     46811.43
      12.383     0.999982      2483694     54613.33
      12.551     0.999985      2483702     65536.00
      12.647     0.999986      2483705     72817.78
      12.791     0.999988      2483709     81920.00
      12.879     0.999989      2483713     93622.86
      12.935     0.999991      2483717    109226.67
      13.119     0.999992      2483722    131072.00
      13.119     0.999993      2483722    145635.56
      13.143     0.999994      2483724    163840.00
      13.191     0.999995      2483726    187245.71
      13.487     0.999995      2483728    218453.33
      13.583     0.999996      2483730    262144.00
      13.631     0.999997      2483731    291271.11
      13.679     0.999997      2483732    327680.00
      13.695     0.999997      2483733    374491.43
      13.703     0.999998      2483734    436906.67
      13.727     0.999998      2483735    524288.00
      13.727     0.999998      2483735    582542.22
      13.815     0.999998      2483736    655360.00
      13.815     0.999999      2483736    748982.86
      14.031     0.999999      2483737    873813.33
      14.031     0.999999      2483737   1048576.00
      14.031     0.999999      2483737   1165084.44
      14.095     0.999999      2483738   1310720.00
      14.095     0.999999      2483738   1497965.71
      14.095     0.999999      2483738   1747626.67
      14.095     1.000000      2483738   2097152.00
      14.095     1.000000      2483738   2330168.89
      14.111     1.000000      2483739   2621440.00
      14.111     1.000000      2483739          inf
#[Mean    =        1.753, StdDeviation   =        0.684]
#[Max     =       14.104, Total count    =      2483739]
#[Buckets =           27, SubBuckets     =         2048]
----------------------------------------------------------
  2949409 requests in 1.00m, 3.50GB read
Requests/sec:  49157.98
Transfer/sec:     59.68MB
