Running 1m test @ http://192.168.100.1:8080/exp1-1k.txt
  4 threads and 256 connections
  Thread calibration: mean lat.: 2.317ms, rate sampling interval: 10ms
  Thread calibration: mean lat.: 2.357ms, rate sampling interval: 10ms
  Thread calibration: mean lat.: 1.680ms, rate sampling interval: 10ms
  Thread calibration: mean lat.: 2.396ms, rate sampling interval: 10ms
  Thread Stats   Avg      Stdev     Max   +/- Stdev
    Latency     2.16ms  776.76us  10.43ms   67.87%
    Req/Sec    13.15k     1.35k   21.22k    81.24%
  Latency Distribution (HdrHistogram - Recorded Latency)
 50.000%    2.22ms
 75.000%    2.69ms
 90.000%    3.10ms
 99.000%    3.82ms
 99.900%    4.64ms
 99.990%    7.45ms
 99.999%    9.14ms
100.000%   10.44ms

  Detailed Percentile spectrum:
       Value   Percentile   TotalCount 1/(1-Percentile)

       0.150     0.000000            1         1.00
       1.020     0.100000       248619         1.11
       1.499     0.200000       497387         1.25
       1.813     0.300000       746035         1.43
       2.035     0.400000       993662         1.67
       2.225     0.500000      1242370         2.00
       2.317     0.550000      1367748         2.22
       2.407     0.600000      1491138         2.50
       2.499     0.650000      1615892         2.86
       2.593     0.700000      1739074         3.33
       2.695     0.750000      1864704         4.00
       2.749     0.775000      1926505         4.44
       2.807     0.800000      1989152         5.00
       2.867     0.825000      2049739         5.71
       2.935     0.850000      2111778         6.67
       3.011     0.875000      2174483         8.00
       3.053     0.887500      2205742         8.89
       3.097     0.900000      2236088        10.00
       3.147     0.912500      2266894        11.43
       3.203     0.925000      2297910        13.33
       3.267     0.937500      2329053        16.00
       3.303     0.943750      2344365        17.78
       3.343     0.950000      2360169        20.00
       3.387     0.956250      2375629        22.86
       3.437     0.962500      2391285        26.67
       3.493     0.968750      2406480        32.00
       3.525     0.971875      2414207        35.56
       3.561     0.975000      2422197        40.00
       3.599     0.978125      2429599        45.71
       3.643     0.981250      2437304        53.33
       3.697     0.984375      2445245        64.00
       3.727     0.985938      2449033        71.11
       3.759     0.987500      2452840        80.00
       3.797     0.989062      2456747        91.43
       3.841     0.990625      2460714       106.67
       3.889     0.992188      2464467       128.00
       3.919     0.992969      2466408       142.22
       3.951     0.993750      2468375       160.00
       3.989     0.994531      2470288       182.86
       4.035     0.995313      2472295       213.33
       4.091     0.996094      2474204       256.00
       4.123     0.996484      2475179       284.44
       4.163     0.996875      2476182       320.00
       4.207     0.997266      2477107       365.71
       4.263     0.997656      2478049       426.67
       4.339     0.998047      2479050       512.00
       4.379     0.998242      2479502       568.89
       4.431     0.998437      2480009       640.00
       4.491     0.998633      2480476       731.43
       4.563     0.998828      2480984       853.33
       4.655     0.999023      2481443      1024.00
       4.727     0.999121      2481686      1137.78
       4.807     0.999219      2481929      1280.00
       4.915     0.999316      2482175      1462.86
       5.039     0.999414      2482419      1706.67
       5.199     0.999512      2482657      2048.00
       5.327     0.999561      2482776      2275.56
       5.463     0.999609      2482897      2560.00
       5.651     0.999658      2483019      2925.71
       5.907     0.999707      2483140      3413.33
       6.223     0.999756      2483261      4096.00
       6.363     0.999780      2483324      4551.11
       6.507     0.999805      2483382      5120.00
       6.695     0.999829      2483446      5851.43
       6.911     0.999854      2483504      6826.67
       7.231     0.999878      2483565      8192.00
       7.387     0.999890      2483595      9102.22
       7.479     0.999902      2483625     10240.00
       7.587     0.999915      2483655     11702.86
       7.747     0.999927      2483687     13653.33
       8.099     0.999939      2483717     16384.00
       8.295     0.999945      2483732     18204.44
       8.375     0.999951      2483747     20480.00
       8.487     0.999957      2483762     23405.71
       8.559     0.999963      2483778     27306.67
       8.655     0.999969      2483792     32768.00
       8.703     0.999973      2483799     36408.89
       8.775     0.999976      2483807     40960.00
       8.895     0.999979      2483815     46811.43
       8.951     0.999982      2483822     54613.33
       9.071     0.999985      2483831     65536.00
       9.095     0.999986      2483836     72817.78
       9.103     0.999988      2483837     81920.00
       9.127     0.999989      2483841     93622.86
       9.151     0.999991      2483845    109226.67
       9.199     0.999992      2483849    131072.00
       9.215     0.999993      2483850    145635.56
       9.239     0.999994      2483852    163840.00
       9.255     0.999995      2483855    187245.71
       9.263     0.999995      2483856    218453.33
       9.279     0.999996      2483858    262144.00
       9.287     0.999997      2483859    291271.11
       9.311     0.999997      2483860    327680.00
       9.471     0.999997      2483861    374491.43
       9.567     0.999998      2483862    436906.67
       9.575     0.999998      2483863    524288.00
       9.575     0.999998      2483863    582542.22
       9.727     0.999998      2483864    655360.00
       9.727     0.999999      2483864    748982.86
       9.743     0.999999      2483865    873813.33
       9.743     0.999999      2483865   1048576.00
       9.743     0.999999      2483865   1165084.44
       9.879     0.999999      2483866   1310720.00
       9.879     0.999999      2483866   1497965.71
       9.879     0.999999      2483866   1747626.67
       9.879     1.000000      2483866   2097152.00
       9.879     1.000000      2483866   2330168.89
      10.439     1.000000      2483867   2621440.00
      10.439     1.000000      2483867          inf
#[Mean    =        2.161, StdDeviation   =        0.777]
#[Max     =       10.432, Total count    =      2483867]
#[Buckets =           27, SubBuckets     =         2048]
----------------------------------------------------------
  2960302 requests in 1.00m, 3.51GB read
Requests/sec:  49337.75
Transfer/sec:     59.90MB
