Running 1m test @ http://192.168.100.1:8080/exp1-1k.txt
  4 threads and 256 connections
  Thread calibration: mean lat.: 1876.969ms, rate sampling interval: 6836ms
  Thread calibration: mean lat.: 1874.122ms, rate sampling interval: 6848ms
  Thread calibration: mean lat.: 1844.736ms, rate sampling interval: 6807ms
  Thread calibration: mean lat.: 1923.971ms, rate sampling interval: 6881ms
  Thread Stats   Avg      Stdev     Max   +/- Stdev
    Latency    13.18s     5.43s   23.27s    57.71%
    Req/Sec    70.01k     0.87k   71.36k    75.00%
  Latency Distribution (HdrHistogram - Recorded Latency)
 50.000%   13.18s 
 75.000%   17.89s 
 90.000%   20.69s 
 99.000%   22.43s 
 99.900%   22.79s 
 99.990%   22.99s 
 99.999%   23.25s 
100.000%   23.28s 

  Detailed Percentile spectrum:
       Value   Percentile   TotalCount 1/(1-Percentile)

    3629.055     0.000000            3         1.00
    5672.959     0.100000      1391952         1.11
    7540.735     0.200000      2783375         1.25
    9420.799     0.300000      4176437         1.43
   11296.767     0.400000      5563365         1.67
   13180.927     0.500000      6954024         2.00
   14123.007     0.550000      7650699         2.22
   15073.279     0.600000      8350436         2.50
   16015.359     0.650000      9045290         2.86
   16957.439     0.700000      9745321         3.33
   17891.327     0.750000     10435599         4.00
   18366.463     0.775000     10788598         4.44
   18841.599     0.800000     11137769         5.00
   19300.351     0.825000     11480562         5.71
   19775.487     0.850000     11830888         6.67
   20234.239     0.875000     12175401         8.00
   20463.615     0.887500     12349280         8.89
   20692.991     0.900000     12520517        10.00
   20938.751     0.912500     12700150        11.43
   21168.127     0.925000     12870397        13.33
   21413.887     0.937500     13049907        16.00
   21528.575     0.943750     13134886        17.78
   21643.263     0.950000     13220095        20.00
   21757.951     0.956250     13303573        22.86
   21872.639     0.962500     13387652        26.67
   22003.711     0.968750     13483666        32.00
   22052.863     0.971875     13520017        35.56
   22118.399     0.975000     13568388        40.00
   22167.551     0.978125     13603896        45.71
   22233.087     0.981250     13649451        53.33
   22298.623     0.984375     13694024        64.00
   22331.391     0.985938     13715313        71.11
   22364.159     0.987500     13735531        80.00
   22413.311     0.989062     13764034        91.43
   22446.079     0.990625     13781124       106.67
   22495.231     0.992188     13804954       128.00
   22511.615     0.992969     13812660       142.22
   22544.383     0.993750     13827600       160.00
   22560.767     0.994531     13834491       182.86
   22593.535     0.995313     13847404       213.33
   22609.919     0.996094     13853578       256.00
   22626.303     0.996484     13859519       284.44
   22642.687     0.996875     13865258       320.00
   22659.071     0.997266     13870489       365.71
   22691.839     0.997656     13879191       426.67
   22708.223     0.998047     13882842       512.00
   22724.607     0.998242     13885906       568.89
   22740.991     0.998437     13888673       640.00
   22757.375     0.998633     13891109       731.43
   22773.759     0.998828     13893265       853.33
   22790.143     0.999023     13895085      1024.00
   22806.527     0.999121     13896667      1137.78
   22822.911     0.999219     13898170      1280.00
   22839.295     0.999316     13899595      1462.86
   22855.679     0.999414     13900836      1706.67
   22872.063     0.999512     13901857      2048.00
   22872.063     0.999561     13901857      2275.56
   22888.447     0.999609     13902754      2560.00
   22904.831     0.999658     13903636      2925.71
   22921.215     0.999707     13904493      3413.33
   22921.215     0.999756     13904493      4096.00
   22937.599     0.999780     13905233      4551.11
   22937.599     0.999805     13905233      5120.00
   22953.983     0.999829     13905836      5851.43
   22953.983     0.999854     13905836      6826.67
   22970.367     0.999878     13906268      8192.00
   22986.751     0.999890     13906513      9102.22
   22986.751     0.999902     13906513     10240.00
   23003.135     0.999915     13906673     11702.86
   23035.903     0.999927     13906943     13653.33
   23052.287     0.999939     13907053     16384.00
   23068.671     0.999945     13907161     18204.44
   23085.055     0.999951     13907267     20480.00
   23085.055     0.999957     13907267     23405.71
   23117.823     0.999963     13907363     27306.67
   23150.591     0.999969     13907459     32768.00
   23166.975     0.999973     13907510     36408.89
   23166.975     0.999976     13907510     40960.00
   23199.743     0.999979     13907587     46811.43
   23216.127     0.999982     13907643     54613.33
   23216.127     0.999985     13907643     65536.00
   23232.511     0.999986     13907699     72817.78
   23232.511     0.999988     13907699     81920.00
   23248.895     0.999989     13907756     93622.86
   23248.895     0.999991     13907756    109226.67
   23248.895     0.999992     13907756    131072.00
   23248.895     0.999993     13907756    145635.56
   23265.279     0.999994     13907811    163840.00
   23265.279     0.999995     13907811    187245.71
   23265.279     0.999995     13907811    218453.33
   23265.279     0.999996     13907811    262144.00
   23265.279     0.999997     13907811    291271.11
   23265.279     0.999997     13907811    327680.00
   23265.279     0.999997     13907811    374491.43
   23281.663     0.999998     13907848    436906.67
   23281.663     1.000000     13907848          inf
#[Mean    =    13182.741, StdDeviation   =     5426.944]
#[Max     =    23265.280, Total count    =     13907848]
#[Buckets =           27, SubBuckets     =         2048]
----------------------------------------------------------
  16768353 requests in 1.00m, 19.88GB read
Requests/sec: 279473.64
Transfer/sec:    339.29MB
