Running 1m test @ http://192.168.100.1:8080/exp1-1k.txt
  4 threads and 256 connections
  Thread calibration: mean lat.: 1702.000ms, rate sampling interval: 6602ms
  Thread calibration: mean lat.: 1656.736ms, rate sampling interval: 6328ms
  Thread calibration: mean lat.: 1696.133ms, rate sampling interval: 6647ms
  Thread calibration: mean lat.: 1771.065ms, rate sampling interval: 6299ms
  Thread Stats   Avg      Stdev     Max   +/- Stdev
    Latency    13.05s     5.45s   23.22s    57.85%
    Req/Sec    69.75k   721.31    71.22k    64.29%
  Latency Distribution (HdrHistogram - Recorded Latency)
 50.000%   13.06s 
 75.000%   17.76s 
 90.000%   20.61s 
 99.000%   22.35s 
 99.900%   22.74s 
 99.990%   23.00s 
 99.999%   23.20s 
100.000%   23.23s 

  Detailed Percentile spectrum:
       Value   Percentile   TotalCount 1/(1-Percentile)

    3395.583     0.000000            2         1.00
    5492.735     0.100000      1388676         1.11
    7389.183     0.200000      2775231         1.25
    9289.727     0.300000      4164021         1.43
   11173.887     0.400000      5547950         1.67
   13058.047     0.500000      6935515         2.00
   13991.935     0.550000      7626271         2.22
   14934.015     0.600000      8322419         2.50
   15876.095     0.650000      9013487         2.86
   16826.367     0.700000      9708937         3.33
   17760.255     0.750000     10398202         4.00
   18235.391     0.775000     10747005         4.44
   18726.911     0.800000     11099959         5.00
   19202.047     0.825000     11448867         5.71
   19660.799     0.850000     11788890         6.67
   20135.935     0.875000     12138976         8.00
   20365.311     0.887500     12306653         8.89
   20611.071     0.900000     12485641        10.00
   20840.447     0.912500     12655175        11.43
   21069.823     0.925000     12824037        13.33
   21315.583     0.937500     13006722        16.00
   21430.271     0.943750     13092040        17.78
   21544.959     0.950000     13177034        20.00
   21659.647     0.956250     13261436        22.86
   21774.335     0.962500     13343885        26.67
   21905.407     0.968750     13435642        32.00
   21970.943     0.971875     13482471        35.56
   22020.095     0.975000     13517619        40.00
   22085.631     0.978125     13563587        45.71
   22151.167     0.981250     13608081        53.33
   22216.703     0.984375     13650796        64.00
   22249.471     0.985938     13671156        71.11
   22282.239     0.987500     13691191        80.00
   22331.391     0.989062     13719603        91.43
   22364.159     0.990625     13737078       106.67
   22413.311     0.992188     13761865       128.00
   22429.695     0.992969     13769090       142.22
   22462.463     0.993750     13782644       160.00
   22478.847     0.994531     13789021       182.86
   22511.615     0.995313     13800832       213.33
   22544.383     0.996094     13811420       256.00
   22560.767     0.996484     13816149       284.44
   22577.151     0.996875     13820651       320.00
   22609.919     0.997266     13828766       365.71
   22626.303     0.997656     13832232       426.67
   22659.071     0.998047     13838306       512.00
   22675.455     0.998242     13841071       568.89
   22691.839     0.998437     13843554       640.00
   22708.223     0.998633     13845779       731.43
   22724.607     0.998828     13847966       853.33
   22757.375     0.999023     13851771      1024.00
   22757.375     0.999121     13851771      1137.78
   22773.759     0.999219     13853322      1280.00
   22790.143     0.999316     13854754      1462.86
   22806.527     0.999414     13855992      1706.67
   22822.911     0.999512     13857056      2048.00
   22839.295     0.999561     13857968      2275.56
   22855.679     0.999609     13858796      2560.00
   22872.063     0.999658     13859584      2925.71
   22888.447     0.999707     13860214      3413.33
   22904.831     0.999756     13860713      4096.00
   22904.831     0.999780     13860713      4551.11
   22921.215     0.999805     13861155      5120.00
   22937.599     0.999829     13861583      5851.43
   22953.983     0.999854     13861827      6826.67
   22986.751     0.999878     13862240      8192.00
   22986.751     0.999890     13862240      9102.22
   23003.135     0.999902     13862425     10240.00
   23019.519     0.999915     13862552     11702.86
   23052.287     0.999927     13862768     13653.33
   23085.055     0.999939     13862954     16384.00
   23101.439     0.999945     13863067     18204.44
   23101.439     0.999951     13863067     20480.00
   23117.823     0.999957     13863168     23405.71
   23134.207     0.999963     13863264     27306.67
   23150.591     0.999969     13863360     32768.00
   23150.591     0.999973     13863360     36408.89
   23166.975     0.999976     13863459     40960.00
   23166.975     0.999979     13863459     46811.43
   23183.359     0.999982     13863557     54613.33
   23183.359     0.999985     13863557     65536.00
   23183.359     0.999986     13863557     72817.78
   23199.743     0.999988     13863658     81920.00
   23199.743     0.999989     13863658     93622.86
   23199.743     0.999991     13863658    109226.67
   23199.743     0.999992     13863658    131072.00
   23199.743     0.999993     13863658    145635.56
   23199.743     0.999994     13863658    163840.00
   23216.127     0.999995     13863727    187245.71
   23216.127     0.999995     13863727    218453.33
   23216.127     0.999996     13863727    262144.00
   23216.127     0.999997     13863727    291271.11
   23216.127     0.999997     13863727    327680.00
   23216.127     0.999997     13863727    374491.43
   23216.127     0.999998     13863727    436906.67
   23216.127     0.999998     13863727    524288.00
   23216.127     0.999998     13863727    582542.22
   23216.127     0.999998     13863727    655360.00
   23216.127     0.999999     13863727    748982.86
   23216.127     0.999999     13863727    873813.33
   23216.127     0.999999     13863727   1048576.00
   23216.127     0.999999     13863727   1165084.44
   23216.127     0.999999     13863727   1310720.00
   23216.127     0.999999     13863727   1497965.71
   23232.511     0.999999     13863735   1747626.67
   23232.511     1.000000     13863735          inf
#[Mean    =    13050.477, StdDeviation   =     5450.758]
#[Max     =    23216.128, Total count    =     13863735]
#[Buckets =           27, SubBuckets     =         2048]
----------------------------------------------------------
  16713091 requests in 1.00m, 19.81GB read
Requests/sec: 278552.34
Transfer/sec:    338.17MB
