Running 1m test @ http://192.168.100.1:8080/exp1-1k.txt
  4 threads and 256 connections
  Thread calibration: mean lat.: 1876.598ms, rate sampling interval: 6803ms
  Thread calibration: mean lat.: 1870.015ms, rate sampling interval: 6799ms
  Thread calibration: mean lat.: 1878.421ms, rate sampling interval: 6836ms
  Thread calibration: mean lat.: 1897.197ms, rate sampling interval: 6930ms
  Thread Stats   Avg      Stdev     Max   +/- Stdev
    Latency    13.18s     5.42s   23.43s    57.80%
    Req/Sec    69.99k   493.65    71.17k    71.43%
  Latency Distribution (HdrHistogram - Recorded Latency)
 50.000%   13.18s 
 75.000%   17.89s 
 90.000%   20.71s 
 99.000%   22.41s 
 99.900%   22.82s 
 99.990%   23.12s 
 99.999%   23.41s 
100.000%   23.45s 

  Detailed Percentile spectrum:
       Value   Percentile   TotalCount 1/(1-Percentile)

    3641.343     0.000000           12         1.00
    5677.055     0.100000      1392020         1.11
    7557.119     0.200000      2784125         1.25
    9428.991     0.300000      4177912         1.43
   11296.767     0.400000      5568162         1.67
   13180.927     0.500000      6957646         2.00
   14123.007     0.550000      7651872         2.22
   15056.895     0.600000      8347105         2.50
   16007.167     0.650000      9043088         2.86
   16941.055     0.700000      9739282         3.33
   17891.327     0.750000     10440047         4.00
   18350.079     0.775000     10783906         4.44
   18825.215     0.800000     11135986         5.00
   19300.351     0.825000     11486638         5.71
   19775.487     0.850000     11834576         6.67
   20234.239     0.875000     12177318         8.00
   20463.615     0.887500     12348402         8.89
   20709.375     0.900000     12527259        10.00
   20938.751     0.912500     12695894        11.43
   21168.127     0.925000     12866424        13.33
   21413.887     0.937500     13049456        16.00
   21528.575     0.943750     13137054        17.78
   21643.263     0.950000     13224001        20.00
   21757.951     0.956250     13310424        22.86
   21872.639     0.962500     13395055        26.67
   21987.327     0.968750     13479581        32.00
   22052.863     0.971875     13528092        35.56
   22102.015     0.975000     13563960        40.00
   22167.551     0.978125     13611850        45.71
   22233.087     0.981250     13658779        53.33
   22282.239     0.984375     13692286        64.00
   22315.007     0.985938     13713702        71.11
   22364.159     0.987500     13743743        80.00
   22396.927     0.989062     13762103        91.43
   22429.695     0.990625     13779088       106.67
   22478.847     0.992188     13802441       128.00
   22511.615     0.992969     13816415       142.22
   22527.999     0.993750     13822883       160.00
   22560.767     0.994531     13835113       182.86
   22593.535     0.995313     13846379       213.33
   22626.303     0.996094     13857131       256.00
   22642.687     0.996484     13861855       284.44
   22659.071     0.996875     13866116       320.00
   22691.839     0.997266     13874130       365.71
   22708.223     0.997656     13877723       426.67
   22740.991     0.998047     13884325       512.00
   22757.375     0.998242     13887177       568.89
   22757.375     0.998437     13887177       640.00
   22790.143     0.998633     13891929       731.43
   22806.527     0.998828     13893805       853.33
   22822.911     0.999023     13895540      1024.00
   22839.295     0.999121     13897134      1137.78
   22855.679     0.999219     13898523      1280.00
   22872.063     0.999316     13899706      1462.86
   22888.447     0.999414     13900805      1706.67
   22921.215     0.999512     13902877      2048.00
   22921.215     0.999561     13902877      2275.56
   22937.599     0.999609     13903729      2560.00
   22953.983     0.999658     13904472      2925.71
   22970.367     0.999707     13905064      3413.33
   22986.751     0.999756     13905560      4096.00
   23003.135     0.999780     13905948      4551.11
   23019.519     0.999805     13906258      5120.00
   23035.903     0.999829     13906474      5851.43
   23068.671     0.999854     13906936      6826.67
   23085.055     0.999878     13907164      8192.00
   23101.439     0.999890     13907341      9102.22
   23117.823     0.999902     13907486     10240.00
   23134.207     0.999915     13907616     11702.86
   23166.975     0.999927     13907820     13653.33
   23199.743     0.999939     13907964     16384.00
   23232.511     0.999945     13908112     18204.44
   23248.895     0.999951     13908202     20480.00
   23265.279     0.999957     13908294     23405.71
   23265.279     0.999963     13908294     27306.67
   23281.663     0.999969     13908384     32768.00
   23298.047     0.999973     13908425     36408.89
   23330.815     0.999976     13908498     40960.00
   23347.199     0.999979     13908535     46811.43
   23363.583     0.999982     13908570     54613.33
   23379.967     0.999985     13908607     65536.00
   23396.351     0.999986     13908655     72817.78
   23396.351     0.999988     13908655     81920.00
   23396.351     0.999989     13908655     93622.86
   23412.735     0.999991     13908712    109226.67
   23412.735     0.999992     13908712    131072.00
   23412.735     0.999993     13908712    145635.56
   23429.119     0.999994     13908769    163840.00
   23429.119     0.999995     13908769    187245.71
   23429.119     0.999995     13908769    218453.33
   23429.119     0.999996     13908769    262144.00
   23429.119     0.999997     13908769    291271.11
   23429.119     0.999997     13908769    327680.00
   23429.119     0.999997     13908769    374491.43
   23445.503     0.999998     13908802    436906.67
   23445.503     1.000000     13908802          inf
#[Mean    =    13181.467, StdDeviation   =     5422.812]
#[Max     =    23429.120, Total count    =     13908802]
#[Buckets =           27, SubBuckets     =         2048]
----------------------------------------------------------
  16769148 requests in 1.00m, 19.88GB read
Requests/sec: 279487.86
Transfer/sec:    339.30MB
