Running 1m test @ http://192.168.100.1:8080/exp1-1k.txt
  4 threads and 256 connections
  Thread calibration: mean lat.: 1876.132ms, rate sampling interval: 6893ms
  Thread calibration: mean lat.: 1908.015ms, rate sampling interval: 6836ms
  Thread calibration: mean lat.: 1952.675ms, rate sampling interval: 6946ms
  Thread calibration: mean lat.: 1853.477ms, rate sampling interval: 6848ms
  Thread Stats   Avg      Stdev     Max   +/- Stdev
    Latency    13.23s     5.43s   23.27s    57.83%
    Req/Sec    69.93k   682.27    71.30k    75.00%
  Latency Distribution (HdrHistogram - Recorded Latency)
 50.000%   13.21s 
 75.000%   17.94s 
 90.000%   20.77s 
 99.000%   22.50s 
 99.900%   22.92s 
 99.990%   23.13s 
 99.999%   23.27s 
100.000%   23.28s 

  Detailed Percentile spectrum:
       Value   Percentile   TotalCount 1/(1-Percentile)

    3643.391     0.000000            8         1.00
    5709.823     0.100000      1390700         1.11
    7598.079     0.200000      2781893         1.25
    9469.951     0.300000      4170991         1.43
   11345.919     0.400000      5560959         1.67
   13213.695     0.500000      6948756         2.00
   14172.159     0.550000      7646594         2.22
   15122.431     0.600000      8340100         2.50
   16056.319     0.650000      9035543         2.86
   17006.591     0.700000      9733034         3.33
   17940.479     0.750000     10423258         4.00
   18415.615     0.775000     10774677         4.44
   18890.751     0.800000     11125965         5.00
   19349.503     0.825000     11466428         5.71
   19824.639     0.850000     11822964         6.67
   20283.391     0.875000     12161456         8.00
   20529.151     0.887500     12341717         8.89
   20774.911     0.900000     12518619        10.00
   21004.287     0.912500     12688415        11.43
   21233.663     0.925000     12861470        13.33
   21463.039     0.937500     13036029        16.00
   21577.727     0.943750     13121619        17.78
   21692.415     0.950000     13205943        20.00
   21807.103     0.956250     13290421        22.86
   21938.175     0.962500     13387781        26.67
   22052.863     0.968750     13472051        32.00
   22102.015     0.971875     13508266        35.56
   22167.551     0.975000     13555551        40.00
   22233.087     0.978125     13602175        45.71
   22298.623     0.981250     13646610        53.33
   22364.159     0.984375     13688140        64.00
   22396.927     0.985938     13707572        71.11
   22429.695     0.987500     13725692        80.00
   22478.847     0.989062     13751249        91.43
   22511.615     0.990625     13767441       106.67
   22560.767     0.992188     13790118       128.00
   22593.535     0.992969     13804247       142.22
   22609.919     0.993750     13811068       160.00
   22642.687     0.994531     13823368       182.86
   22675.455     0.995313     13834371       213.33
   22708.223     0.996094     13844634       256.00
   22724.607     0.996484     13849399       284.44
   22740.991     0.996875     13853945       320.00
   22773.759     0.997266     13862134       365.71
   22790.143     0.997656     13865738       426.67
   22822.911     0.998047     13871894       512.00
   22839.295     0.998242     13874556       568.89
   22855.679     0.998437     13877022       640.00
   22872.063     0.998633     13879289       731.43
   22888.447     0.998828     13881275       853.33
   22921.215     0.999023     13884743      1024.00
   22937.599     0.999121     13886347      1137.78
   22937.599     0.999219     13886347      1280.00
   22953.983     0.999316     13887874      1462.86
   22970.367     0.999414     13889178      1706.67
   22986.751     0.999512     13890314      2048.00
   23003.135     0.999561     13891227      2275.56
   23019.519     0.999609     13891994      2560.00
   23035.903     0.999658     13892720      2925.71
   23052.287     0.999707     13893445      3413.33
   23068.671     0.999756     13894125      4096.00
   23068.671     0.999780     13894125      4551.11
   23085.055     0.999805     13894678      5120.00
   23101.439     0.999829     13895215      5851.43
   23101.439     0.999854     13895215      6826.67
   23117.823     0.999878     13895687      8192.00
   23117.823     0.999890     13895687      9102.22
   23134.207     0.999902     13895938     10240.00
   23134.207     0.999915     13895938     11702.86
   23166.975     0.999927     13896206     13653.33
   23183.359     0.999939     13896365     16384.00
   23183.359     0.999945     13896365     18204.44
   23199.743     0.999951     13896537     20480.00
   23199.743     0.999957     13896537     23405.71
   23216.127     0.999963     13896708     27306.67
   23216.127     0.999969     13896708     32768.00
   23232.511     0.999973     13896837     36408.89
   23232.511     0.999976     13896837     40960.00
   23232.511     0.999979     13896837     46811.43
   23248.895     0.999982     13896952     54613.33
   23248.895     0.999985     13896952     65536.00
   23248.895     0.999986     13896952     72817.78
   23248.895     0.999988     13896952     81920.00
   23248.895     0.999989     13896952     93622.86
   23265.279     0.999991     13897067    109226.67
   23265.279     0.999992     13897067    131072.00
   23265.279     0.999993     13897067    145635.56
   23265.279     0.999994     13897067    163840.00
   23265.279     0.999995     13897067    187245.71
   23265.279     0.999995     13897067    218453.33
   23265.279     0.999996     13897067    262144.00
   23265.279     0.999997     13897067    291271.11
   23265.279     0.999997     13897067    327680.00
   23265.279     0.999997     13897067    374491.43
   23265.279     0.999998     13897067    436906.67
   23265.279     0.999998     13897067    524288.00
   23281.663     0.999998     13897092    582542.22
   23281.663     1.000000     13897092          inf
#[Mean    =    13231.654, StdDeviation   =     5432.570]
#[Max     =    23265.280, Total count    =     13897092]
#[Buckets =           27, SubBuckets     =         2048]
----------------------------------------------------------
  16747075 requests in 1.00m, 19.85GB read
Requests/sec: 279118.80
Transfer/sec:    338.86MB
