Running 1m test @ http://192.168.100.1:8080/exp1-1k.txt
  4 threads and 256 connections
  Thread calibration: mean lat.: 1886.051ms, rate sampling interval: 6823ms
  Thread calibration: mean lat.: 1887.436ms, rate sampling interval: 6946ms
  Thread calibration: mean lat.: 1915.981ms, rate sampling interval: 6864ms
  Thread calibration: mean lat.: 1866.335ms, rate sampling interval: 6823ms
  Thread Stats   Avg      Stdev     Max   +/- Stdev
    Latency    13.21s     5.43s   23.31s    57.80%
    Req/Sec    69.93k   648.03    71.37k    53.57%
  Latency Distribution (HdrHistogram - Recorded Latency)
 50.000%   13.21s 
 75.000%   17.92s 
 90.000%   20.74s 
 99.000%   22.48s 
 99.900%   22.87s 
 99.990%   23.10s 
 99.999%   23.28s 
100.000%   23.33s 

  Detailed Percentile spectrum:
       Value   Percentile   TotalCount 1/(1-Percentile)

    3653.631     0.000000            8         1.00
    5697.535     0.100000      1391381         1.11
    7577.599     0.200000      2780175         1.25
    9453.567     0.300000      4172770         1.43
   11329.535     0.400000      5560091         1.67
   13213.695     0.500000      6950024         2.00
   14147.583     0.550000      7647804         2.22
   15089.663     0.600000      8340508         2.50
   16048.127     0.650000      9036928         2.86
   16990.207     0.700000      9738027         3.33
   17924.095     0.750000     10430714         4.00
   18399.231     0.775000     10779435         4.44
   18857.983     0.800000     11124767         5.00
   19316.735     0.825000     11463842         5.71
   19808.255     0.850000     11815349         6.67
   20267.007     0.875000     12162642         8.00
   20512.767     0.887500     12343099         8.89
   20742.143     0.900000     12507077        10.00
   20987.903     0.912500     12687704        11.43
   21217.279     0.925000     12861643        13.33
   21446.655     0.937500     13034825        16.00
   21561.343     0.943750     13118418        17.78
   21676.031     0.950000     13202246        20.00
   21807.103     0.956250     13297979        22.86
   21921.791     0.962500     13382304        26.67
   22036.479     0.968750     13465802        32.00
   22102.015     0.971875     13513003        35.56
   22151.167     0.975000     13548261        40.00
   22216.703     0.978125     13594292        45.71
   22282.239     0.981250     13638988        53.33
   22347.775     0.984375     13681759        64.00
   22380.543     0.985938     13702456        71.11
   22413.311     0.987500     13722637        80.00
   22462.463     0.989062     13752456        91.43
   22495.231     0.990625     13770961       106.67
   22527.999     0.992188     13788293       128.00
   22560.767     0.992969     13803653       142.22
   22577.151     0.993750     13810857       160.00
   22609.919     0.994531     13824272       182.86
   22626.303     0.995313     13830534       213.33
   22659.071     0.996094     13842055       256.00
   22675.455     0.996484     13847214       284.44
   22691.839     0.996875     13852043       320.00
   22724.607     0.997266     13860068       365.71
   22740.991     0.997656     13863509       426.67
   22773.759     0.998047     13869655       512.00
   22790.143     0.998242     13872297       568.89
   22806.527     0.998437     13874748       640.00
   22822.911     0.998633     13877106       731.43
   22839.295     0.998828     13879269       853.33
   22872.063     0.999023     13883210      1024.00
   22872.063     0.999121     13883210      1137.78
   22888.447     0.999219     13884668      1280.00
   22904.831     0.999316     13886015      1462.86
   22937.599     0.999414     13888297      1706.67
   22953.983     0.999512     13889257      2048.00
   22970.367     0.999561     13890154      2275.56
   22970.367     0.999609     13890154      2560.00
   22986.751     0.999658     13890859      2925.71
   23003.135     0.999707     13891473      3413.33
   23019.519     0.999756     13892060      4096.00
   23035.903     0.999780     13892614      4551.11
   23052.287     0.999805     13893106      5120.00
   23052.287     0.999829     13893106      5851.43
   23068.671     0.999854     13893588      6826.67
   23085.055     0.999878     13893940      8192.00
   23085.055     0.999890     13893940      9102.22
   23101.439     0.999902     13894127     10240.00
   23117.823     0.999915     13894271     11702.86
   23134.207     0.999927     13894405     13653.33
   23150.591     0.999939     13894533     16384.00
   23166.975     0.999945     13894665     18204.44
   23183.359     0.999951     13894794     20480.00
   23183.359     0.999957     13894794     23405.71
   23199.743     0.999963     13894908     27306.67
   23216.127     0.999969     13894990     32768.00
   23232.511     0.999973     13895084     36408.89
   23232.511     0.999976     13895084     40960.00
   23232.511     0.999979     13895084     46811.43
   23248.895     0.999982     13895151     54613.33
   23265.279     0.999985     13895204     65536.00
   23265.279     0.999986     13895204     72817.78
   23265.279     0.999988     13895204     81920.00
   23281.663     0.999989     13895258     93622.86
   23281.663     0.999991     13895258    109226.67
   23298.047     0.999992     13895312    131072.00
   23298.047     0.999993     13895312    145635.56
   23298.047     0.999994     13895312    163840.00
   23298.047     0.999995     13895312    187245.71
   23298.047     0.999995     13895312    218453.33
   23314.431     0.999996     13895366    262144.00
   23314.431     0.999997     13895366    291271.11
   23314.431     0.999997     13895366    327680.00
   23314.431     0.999997     13895366    374491.43
   23314.431     0.999998     13895366    436906.67
   23314.431     0.999998     13895366    524288.00
   23314.431     0.999998     13895366    582542.22
   23314.431     0.999998     13895366    655360.00
   23314.431     0.999999     13895366    748982.86
   23314.431     0.999999     13895366    873813.33
   23314.431     0.999999     13895366   1048576.00
   23314.431     0.999999     13895366   1165084.44
   23314.431     0.999999     13895366   1310720.00
   23314.431     0.999999     13895366   1497965.71
   23314.431     0.999999     13895366   1747626.67
   23314.431     1.000000     13895366   2097152.00
   23330.815     1.000000     13895372   2330168.89
   23330.815     1.000000     13895372          inf
#[Mean    =    13214.240, StdDeviation   =     5429.666]
#[Max     =    23314.432, Total count    =     13895372]
#[Buckets =           27, SubBuckets     =         2048]
----------------------------------------------------------
  16748722 requests in 1.00m, 19.86GB read
Requests/sec: 279147.16
Transfer/sec:    338.89MB
