Running 1m test @ http://192.168.100.1:8080/exp1-1k.txt
  4 threads and 256 connections
  Thread calibration: mean lat.: 1.329ms, rate sampling interval: 10ms
  Thread calibration: mean lat.: 1.391ms, rate sampling interval: 10ms
  Thread calibration: mean lat.: 1.538ms, rate sampling interval: 10ms
  Thread calibration: mean lat.: 1.462ms, rate sampling interval: 10ms
  Thread Stats   Avg      Stdev     Max   +/- Stdev
    Latency     1.36ms  632.95us  10.62ms   67.62%
    Req/Sec    65.95k     4.59k   85.67k    72.84%
  Latency Distribution (HdrHistogram - Recorded Latency)
 50.000%    1.27ms
 75.000%    1.76ms
 90.000%    2.26ms
 99.000%    3.00ms
 99.900%    3.72ms
 99.990%    6.71ms
 99.999%    8.81ms
100.000%   10.63ms

  Detailed Percentile spectrum:
       Value   Percentile   TotalCount 1/(1-Percentile)

       0.055     0.000000            1         1.00
       0.640     0.100000      1248228         1.11
       0.795     0.200000      2492188         1.25
       0.941     0.300000      3732348         1.43
       1.100     0.400000      4973701         1.67
       1.268     0.500000      6211475         2.00
       1.355     0.550000      6831784         2.22
       1.446     0.600000      7453943         2.50
       1.543     0.650000      8077593         2.86
       1.646     0.700000      8696662         3.33
       1.761     0.750000      9318363         4.00
       1.826     0.775000      9628813         4.44
       1.897     0.800000      9937007         5.00
       1.976     0.825000     10247528         5.71
       2.063     0.850000     10558205         6.67
       2.159     0.875000     10871865         8.00
       2.209     0.887500     11023361         8.89
       2.263     0.900000     11177908        10.00
       2.321     0.912500     11333250        11.43
       2.385     0.925000     11491761        13.33
       2.455     0.937500     11646829        16.00
       2.493     0.943750     11723954        17.78
       2.533     0.950000     11798932        20.00
       2.579     0.956250     11878327        22.86
       2.629     0.962500     11955294        26.67
       2.687     0.968750     12033724        32.00
       2.719     0.971875     12072063        35.56
       2.755     0.975000     12111106        40.00
       2.793     0.978125     12148452        45.71
       2.837     0.981250     12187361        53.33
       2.887     0.984375     12225845        64.00
       2.915     0.985938     12245255        71.11
       2.945     0.987500     12264673        80.00
       2.979     0.989062     12284695        91.43
       3.015     0.990625     12303538       106.67
       3.059     0.992188     12323277       128.00
       3.083     0.992969     12332536       142.22
       3.111     0.993750     12342190       160.00
       3.143     0.994531     12352023       182.86
       3.181     0.995313     12361903       213.33
       3.225     0.996094     12371248       256.00
       3.253     0.996484     12376298       284.44
       3.285     0.996875     12381161       320.00
       3.321     0.997266     12385885       365.71
       3.365     0.997656     12390603       426.67
       3.425     0.998047     12395544       512.00
       3.461     0.998242     12397935       568.89
       3.501     0.998437     12400288       640.00
       3.553     0.998633     12402773       731.43
       3.623     0.998828     12405169       853.33
       3.735     0.999023     12407574      1024.00
       3.819     0.999121     12408790      1137.78
       3.917     0.999219     12409997      1280.00
       4.043     0.999316     12411209      1462.86
       4.211     0.999414     12412411      1706.67
       4.403     0.999512     12413622      2048.00
       4.535     0.999561     12414231      2275.56
       4.699     0.999609     12414829      2560.00
       4.883     0.999658     12415436      2925.71
       5.083     0.999707     12416048      3413.33
       5.279     0.999756     12416651      4096.00
       5.435     0.999780     12416950      4551.11
       5.595     0.999805     12417256      5120.00
       5.807     0.999829     12417556      5851.43
       6.127     0.999854     12417861      6826.67
       6.431     0.999878     12418165      8192.00
       6.587     0.999890     12418316      9102.22
       6.739     0.999902     12418467     10240.00
       6.947     0.999915     12418617     11702.86
       7.191     0.999927     12418769     13653.33
       7.579     0.999939     12418921     16384.00
       7.687     0.999945     12418996     18204.44
       7.783     0.999951     12419073     20480.00
       7.903     0.999957     12419148     23405.71
       8.083     0.999963     12419225     27306.67
       8.215     0.999969     12419299     32768.00
       8.279     0.999973     12419340     36408.89
       8.335     0.999976     12419379     40960.00
       8.399     0.999979     12419414     46811.43
       8.479     0.999982     12419453     54613.33
       8.551     0.999985     12419495     65536.00
       8.607     0.999986     12419508     72817.78
       8.639     0.999988     12419530     81920.00
       8.695     0.999989     12419547     93622.86
       8.887     0.999991     12419565    109226.67
       9.391     0.999992     12419584    131072.00
       9.423     0.999993     12419593    145635.56
       9.519     0.999994     12419604    163840.00
       9.567     0.999995     12419612    187245.71
       9.671     0.999995     12419622    218453.33
       9.759     0.999996     12419632    262144.00
       9.783     0.999997     12419636    291271.11
       9.831     0.999997     12419641    327680.00
       9.879     0.999997     12419645    374491.43
       9.935     0.999998     12419651    436906.67
       9.983     0.999998     12419655    524288.00
      10.023     0.999998     12419657    582542.22
      10.047     0.999998     12419660    655360.00
      10.095     0.999999     12419663    748982.86
      10.103     0.999999     12419664    873813.33
      10.143     0.999999     12419667   1048576.00
      10.303     0.999999     12419669   1165084.44
      10.303     0.999999     12419669   1310720.00
      10.343     0.999999     12419670   1497965.71
      10.367     0.999999     12419671   1747626.67
      10.383     1.000000     12419673   2097152.00
      10.383     1.000000     12419673   2330168.89
      10.415     1.000000     12419675   2621440.00
      10.415     1.000000     12419675   2995931.43
      10.415     1.000000     12419675   3495253.33
      10.423     1.000000     12419676   4194304.00
      10.423     1.000000     12419676   4660337.78
      10.423     1.000000     12419676   5242880.00
      10.423     1.000000     12419676   5991862.86
      10.463     1.000000     12419677   6990506.67
      10.463     1.000000     12419677   8388608.00
      10.463     1.000000     12419677   9320675.55
      10.463     1.000000     12419677  10485760.00
      10.463     1.000000     12419677  11983725.71
      10.631     1.000000     12419678  13981013.34
      10.631     1.000000     12419678          inf
#[Mean    =        1.364, StdDeviation   =        0.633]
#[Max     =       10.624, Total count    =     12419678]
#[Buckets =           27, SubBuckets     =         2048]
----------------------------------------------------------
  14853473 requests in 1.00m, 17.61GB read
Requests/sec: 247557.47
Transfer/sec:    300.54MB
