Running 1m test @ http://192.168.100.1:8080/exp1-1k.txt
  4 threads and 256 connections
  Thread calibration: mean lat.: 1.363ms, rate sampling interval: 10ms
  Thread calibration: mean lat.: 1.329ms, rate sampling interval: 10ms
  Thread calibration: mean lat.: 1.467ms, rate sampling interval: 10ms
  Thread calibration: mean lat.: 1.401ms, rate sampling interval: 10ms
  Thread Stats   Avg      Stdev     Max   +/- Stdev
    Latency     1.37ms  626.98us   9.54ms   66.74%
    Req/Sec    65.96k     4.32k   83.56k    74.02%
  Latency Distribution (HdrHistogram - Recorded Latency)
 50.000%    1.28ms
 75.000%    1.77ms
 90.000%    2.27ms
 99.000%    2.95ms
 99.900%    3.44ms
 99.990%    7.28ms
 99.999%    8.80ms
100.000%    9.54ms

  Detailed Percentile spectrum:
       Value   Percentile   TotalCount 1/(1-Percentile)

       0.056     0.000000            1         1.00
       0.648     0.100000      1248564         1.11
       0.799     0.200000      2485085         1.25
       0.947     0.300000      3726055         1.43
       1.111     0.400000      4971943         1.67
       1.282     0.500000      6211045         2.00
       1.370     0.550000      6833081         2.22
       1.461     0.600000      7454644         2.50
       1.557     0.650000      8076367         2.86
       1.659     0.700000      8695968         3.33
       1.774     0.750000      9318839         4.00
       1.839     0.775000      9629118         4.44
       1.910     0.800000      9938176         5.00
       1.988     0.825000     10247593         5.71
       2.075     0.850000     10562916         6.67
       2.167     0.875000     10871996         8.00
       2.215     0.887500     11025107         8.89
       2.267     0.900000     11182000        10.00
       2.321     0.912500     11334021        11.43
       2.381     0.925000     11489741        13.33
       2.447     0.937500     11644800        16.00
       2.483     0.943750     11721890        17.78
       2.523     0.950000     11801778        20.00
       2.565     0.956250     11878785        22.86
       2.611     0.962500     11955239        26.67
       2.665     0.968750     12033931        32.00
       2.695     0.971875     12072856        35.56
       2.727     0.975000     12110581        40.00
       2.763     0.978125     12149319        45.71
       2.803     0.981250     12188260        53.33
       2.849     0.984375     12226944        64.00
       2.875     0.985938     12246617        71.11
       2.901     0.987500     12264934        80.00
       2.931     0.989062     12284436        91.43
       2.965     0.990625     12304522       106.67
       3.001     0.992188     12323449       128.00
       3.021     0.992969     12332921       142.22
       3.043     0.993750     12342423       160.00
       3.069     0.994531     12352519       182.86
       3.097     0.995313     12362264       213.33
       3.129     0.996094     12371695       256.00
       3.147     0.996484     12376277       284.44
       3.169     0.996875     12381253       320.00
       3.193     0.997266     12386034       365.71
       3.223     0.997656     12390755       426.67
       3.263     0.998047     12395797       512.00
       3.287     0.998242     12398134       568.89
       3.315     0.998437     12400518       640.00
       3.349     0.998633     12402905       731.43
       3.393     0.998828     12405395       853.33
       3.449     0.999023     12407738      1024.00
       3.487     0.999121     12408951      1137.78
       3.535     0.999219     12410183      1280.00
       3.609     0.999316     12411382      1462.86
       3.777     0.999414     12412585      1706.67
       4.207     0.999512     12413803      2048.00
       4.435     0.999561     12414407      2275.56
       4.663     0.999609     12415012      2560.00
       4.983     0.999658     12415612      2925.71
       5.315     0.999707     12416223      3413.33
       5.731     0.999756     12416827      4096.00
       6.007     0.999780     12417128      4551.11
       6.259     0.999805     12417431      5120.00
       6.571     0.999829     12417733      5851.43
       6.763     0.999854     12418038      6826.67
       7.063     0.999878     12418340      8192.00
       7.187     0.999890     12418496      9102.22
       7.311     0.999902     12418645     10240.00
       7.463     0.999915     12418795     11702.86
       7.635     0.999927     12418946     13653.33
       7.799     0.999939     12419099     16384.00
       7.907     0.999945     12419173     18204.44
       8.071     0.999951     12419254     20480.00
       8.223     0.999957     12419326     23405.71
       8.327     0.999963     12419407     27306.67
       8.383     0.999969     12419477     32768.00
       8.423     0.999973     12419514     36408.89
       8.463     0.999976     12419558     40960.00
       8.503     0.999979     12419590     46811.43
       8.551     0.999982     12419629     54613.33
       8.615     0.999985     12419668     65536.00
       8.655     0.999986     12419686     72817.78
       8.695     0.999988     12419705     81920.00
       8.767     0.999989     12419724     93622.86
       8.847     0.999991     12419745    109226.67
       8.895     0.999992     12419763    131072.00
       8.911     0.999993     12419770    145635.56
       8.959     0.999994     12419780    163840.00
       8.991     0.999995     12419791    187245.71
       9.039     0.999995     12419799    218453.33
       9.087     0.999996     12419808    262144.00
       9.111     0.999997     12419814    291271.11
       9.135     0.999997     12419819    327680.00
       9.175     0.999997     12419822    374491.43
       9.199     0.999998     12419829    436906.67
       9.215     0.999998     12419833    524288.00
       9.231     0.999998     12419836    582542.22
       9.239     0.999998     12419837    655360.00
       9.271     0.999999     12419839    748982.86
       9.295     0.999999     12419842    873813.33
       9.319     0.999999     12419844   1048576.00
       9.327     0.999999     12419846   1165084.44
       9.327     0.999999     12419846   1310720.00
       9.335     0.999999     12419847   1497965.71
       9.375     0.999999     12419848   1747626.67
       9.391     1.000000     12419850   2097152.00
       9.391     1.000000     12419850   2330168.89
       9.415     1.000000     12419851   2621440.00
       9.415     1.000000     12419851   2995931.43
       9.423     1.000000     12419852   3495253.33
       9.431     1.000000     12419853   4194304.00
       9.431     1.000000     12419853   4660337.78
       9.431     1.000000     12419853   5242880.00
       9.431     1.000000     12419853   5991862.86
       9.487     1.000000     12419854   6990506.67
       9.487     1.000000     12419854   8388608.00
       9.487     1.000000     12419854   9320675.55
       9.487     1.000000     12419854  10485760.00
       9.487     1.000000     12419854  11983725.71
       9.543     1.000000     12419855  13981013.34
       9.543     1.000000     12419855          inf
#[Mean    =        1.371, StdDeviation   =        0.627]
#[Max     =        9.536, Total count    =     12419855]
#[Buckets =           27, SubBuckets     =         2048]
----------------------------------------------------------
  14960186 requests in 1.00m, 17.74GB read
Requests/sec: 249333.27
Transfer/sec:    302.70MB
