Running 1m test @ http://192.168.100.1:8080/exp1-1k.txt
  4 threads and 256 connections
  Thread calibration: mean lat.: 1.360ms, rate sampling interval: 10ms
  Thread calibration: mean lat.: 1.356ms, rate sampling interval: 10ms
  Thread calibration: mean lat.: 1.381ms, rate sampling interval: 10ms
  Thread calibration: mean lat.: 1.388ms, rate sampling interval: 10ms
  Thread Stats   Avg      Stdev     Max   +/- Stdev
    Latency     1.37ms  643.19us  14.17ms   68.48%
    Req/Sec    65.99k     4.49k   85.33k    72.83%
  Latency Distribution (HdrHistogram - Recorded Latency)
 50.000%    1.28ms
 75.000%    1.77ms
 90.000%    2.27ms
 99.000%    2.99ms
 99.900%    4.04ms
 99.990%   10.24ms
 99.999%   13.26ms
100.000%   14.18ms

  Detailed Percentile spectrum:
       Value   Percentile   TotalCount 1/(1-Percentile)

       0.054     0.000000            1         1.00
       0.648     0.100000      1243567         1.11
       0.802     0.200000      2491410         1.25
       0.949     0.300000      3733856         1.43
       1.109     0.400000      4973346         1.67
       1.277     0.500000      6212757         2.00
       1.365     0.550000      6836761         2.22
       1.456     0.600000      7456710         2.50
       1.553     0.650000      8076875         2.86
       1.656     0.700000      8697478         3.33
       1.771     0.750000      9315706         4.00
       1.836     0.775000      9626551         4.44
       1.907     0.800000      9935801         5.00
       1.986     0.825000     10248768         5.71
       2.071     0.850000     10556987         6.67
       2.165     0.875000     10871867         8.00
       2.215     0.887500     11027869         8.89
       2.267     0.900000     11181461        10.00
       2.323     0.912500     11336008        11.43
       2.385     0.925000     11492134        13.33
       2.453     0.937500     11645707        16.00
       2.491     0.943750     11724295        17.78
       2.531     0.950000     11800679        20.00
       2.575     0.956250     11877844        22.86
       2.625     0.962500     11956574        26.67
       2.681     0.968750     12033503        32.00
       2.713     0.971875     12072567        35.56
       2.747     0.975000     12110710        40.00
       2.785     0.978125     12149494        45.71
       2.827     0.981250     12187037        53.33
       2.877     0.984375     12226570        64.00
       2.903     0.985938     12245116        71.11
       2.933     0.987500     12264829        80.00
       2.965     0.989062     12284260        91.43
       3.001     0.990625     12303643       106.67
       3.043     0.992188     12323313       128.00
       3.065     0.992969     12332372       142.22
       3.093     0.993750     12342706       160.00
       3.123     0.994531     12352332       182.86
       3.157     0.995313     12361734       213.33
       3.199     0.996094     12371153       256.00
       3.227     0.996484     12376263       284.44
       3.257     0.996875     12380908       320.00
       3.295     0.997266     12385827       365.71
       3.343     0.997656     12390621       426.67
       3.411     0.998047     12395494       512.00
       3.455     0.998242     12397863       568.89
       3.515     0.998437     12400248       640.00
       3.609     0.998633     12402674       731.43
       3.769     0.998828     12405095       853.33
       4.085     0.999023     12407525      1024.00
       4.291     0.999121     12408730      1137.78
       4.547     0.999219     12409950      1280.00
       4.855     0.999316     12411177      1462.86
       5.199     0.999414     12412371      1706.67
       5.615     0.999512     12413593      2048.00
       5.827     0.999561     12414195      2275.56
       6.047     0.999609     12414805      2560.00
       6.295     0.999658     12415405      2925.71
       6.539     0.999707     12416017      3413.33
       6.827     0.999756     12416619      4096.00
       7.035     0.999780     12416921      4551.11
       7.335     0.999805     12417222      5120.00
       7.711     0.999829     12417525      5851.43
       8.187     0.999854     12417828      6826.67
       8.719     0.999878     12418130      8192.00
       9.431     0.999890     12418281      9102.22
      10.447     0.999902     12418433     10240.00
      11.463     0.999915     12418584     11702.86
      11.983     0.999927     12418737     13653.33
      12.231     0.999939     12418895     16384.00
      12.343     0.999945     12418963     18204.44
      12.471     0.999951     12419043     20480.00
      12.559     0.999957     12419122     23405.71
      12.655     0.999963     12419192     27306.67
      12.759     0.999969     12419267     32768.00
      12.847     0.999973     12419310     36408.89
      12.903     0.999976     12419342     40960.00
      12.959     0.999979     12419380     46811.43
      13.039     0.999982     12419423     54613.33
      13.119     0.999985     12419463     65536.00
      13.151     0.999986     12419480     72817.78
      13.191     0.999988     12419496     81920.00
      13.231     0.999989     12419513     93622.86
      13.271     0.999991     12419535    109226.67
      13.319     0.999992     12419551    131072.00
      13.343     0.999993     12419561    145635.56
      13.359     0.999994     12419571    163840.00
      13.375     0.999995     12419581    187245.71
      13.415     0.999995     12419589    218453.33
      13.471     0.999996     12419598    262144.00
      13.503     0.999997     12419604    291271.11
      13.599     0.999997     12419608    327680.00
      13.623     0.999997     12419613    374491.43
      13.655     0.999998     12419617    436906.67
      13.735     0.999998     12419623    524288.00
      13.743     0.999998     12419624    582542.22
      13.775     0.999998     12419628    655360.00
      13.863     0.999999     12419629    748982.86
      13.927     0.999999     12419633    873813.33
      13.935     0.999999     12419634   1048576.00
      13.975     0.999999     12419635   1165084.44
      13.991     0.999999     12419636   1310720.00
      13.999     0.999999     12419638   1497965.71
      13.999     0.999999     12419638   1747626.67
      14.023     1.000000     12419640   2097152.00
      14.023     1.000000     12419640   2330168.89
      14.031     1.000000     12419641   2621440.00
      14.031     1.000000     12419641   2995931.43
      14.055     1.000000     12419642   3495253.33
      14.095     1.000000     12419643   4194304.00
      14.095     1.000000     12419643   4660337.78
      14.095     1.000000     12419643   5242880.00
      14.095     1.000000     12419643   5991862.86
      14.143     1.000000     12419644   6990506.67
      14.143     1.000000     12419644   8388608.00
      14.143     1.000000     12419644   9320675.55
      14.143     1.000000     12419644  10485760.00
      14.143     1.000000     12419644  11983725.71
      14.175     1.000000     12419645  13981013.34
      14.175     1.000000     12419645          inf
#[Mean    =        1.373, StdDeviation   =        0.643]
#[Max     =       14.168, Total count    =     12419645]
#[Buckets =           27, SubBuckets     =         2048]
----------------------------------------------------------
  14907385 requests in 1.00m, 17.67GB read
Requests/sec: 248459.66
Transfer/sec:    301.64MB
