Running 1m test @ http://192.168.100.1:8080/exp1-1k.txt
  4 threads and 256 connections
  Thread calibration: mean lat.: 1.404ms, rate sampling interval: 10ms
  Thread calibration: mean lat.: 1.420ms, rate sampling interval: 10ms
  Thread calibration: mean lat.: 1.389ms, rate sampling interval: 10ms
  Thread calibration: mean lat.: 1.457ms, rate sampling interval: 10ms
  Thread Stats   Avg      Stdev     Max   +/- Stdev
    Latency     1.38ms  624.15us   4.98ms   65.76%
    Req/Sec    65.97k     4.39k   85.44k    73.63%
  Latency Distribution (HdrHistogram - Recorded Latency)
 50.000%    1.29ms
 75.000%    1.78ms
 90.000%    2.28ms
 99.000%    2.95ms
 99.900%    3.33ms
 99.990%    3.65ms
 99.999%    4.12ms
100.000%    4.99ms

  Detailed Percentile spectrum:
       Value   Percentile   TotalCount 1/(1-Percentile)

       0.054     0.000000            1         1.00
       0.646     0.100000      1242768         1.11
       0.800     0.200000      2490045         1.25
       0.950     0.300000      3728607         1.43
       1.115     0.400000      4970022         1.67
       1.288     0.500000      6210163         2.00
       1.377     0.550000      6833125         2.22
       1.469     0.600000      7454834         2.50
       1.566     0.650000      8076587         2.86
       1.669     0.700000      8696299         3.33
       1.785     0.750000      9315137         4.00
       1.852     0.775000      9628791         4.44
       1.924     0.800000      9936879         5.00
       2.004     0.825000     10250032         5.71
       2.091     0.850000     10563494         6.67
       2.183     0.875000     10873211         8.00
       2.231     0.887500     11025471         8.89
       2.283     0.900000     11181922        10.00
       2.337     0.912500     11334452        11.43
       2.397     0.925000     11489925        13.33
       2.463     0.937500     11645771        16.00
       2.499     0.943750     11723607        17.78
       2.537     0.950000     11799713        20.00
       2.579     0.956250     11877797        22.86
       2.625     0.962500     11954585        26.67
       2.679     0.968750     12034206        32.00
       2.707     0.971875     12070990        35.56
       2.739     0.975000     12109905        40.00
       2.775     0.978125     12149895        45.71
       2.813     0.981250     12187166        53.33
       2.857     0.984375     12225713        64.00
       2.883     0.985938     12246319        71.11
       2.909     0.987500     12265378        80.00
       2.937     0.989062     12284339        91.43
       2.969     0.990625     12304041       106.67
       3.003     0.992188     12322907       128.00
       3.023     0.992969     12333044       142.22
       3.043     0.993750     12342411       160.00
       3.067     0.994531     12352470       182.86
       3.091     0.995313     12361539       213.33
       3.121     0.996094     12371545       256.00
       3.137     0.996484     12376241       284.44
       3.155     0.996875     12380992       320.00
       3.175     0.997266     12385762       365.71
       3.199     0.997656     12390727       426.67
       3.227     0.998047     12395644       512.00
       3.243     0.998242     12398114       568.89
       3.261     0.998437     12400451       640.00
       3.281     0.998633     12402912       731.43
       3.303     0.998828     12405148       853.33
       3.331     0.999023     12407586      1024.00
       3.349     0.999121     12408901      1137.78
       3.367     0.999219     12410133      1280.00
       3.385     0.999316     12411246      1462.86
       3.409     0.999414     12412477      1706.67
       3.437     0.999512     12413660      2048.00
       3.453     0.999561     12414288      2275.56
       3.471     0.999609     12414891      2560.00
       3.489     0.999658     12415481      2925.71
       3.509     0.999707     12416091      3413.33
       3.533     0.999756     12416678      4096.00
       3.547     0.999780     12416996      4551.11
       3.563     0.999805     12417291      5120.00
       3.579     0.999829     12417580      5851.43
       3.597     0.999854     12417882      6826.67
       3.623     0.999878     12418209      8192.00
       3.637     0.999890     12418356      9102.22
       3.653     0.999902     12418506     10240.00
       3.669     0.999915     12418643     11702.86
       3.693     0.999927     12418800     13653.33
       3.721     0.999939     12418948     16384.00
       3.737     0.999945     12419021     18204.44
       3.755     0.999951     12419099     20480.00
       3.781     0.999957     12419176     23405.71
       3.809     0.999963     12419248     27306.67
       3.843     0.999969     12419325     32768.00
       3.867     0.999973     12419359     36408.89
       3.893     0.999976     12419399     40960.00
       3.933     0.999979     12419435     46811.43
       3.975     0.999982     12419473     54613.33
       4.011     0.999985     12419512     65536.00
       4.031     0.999986     12419531     72817.78
       4.051     0.999988     12419551     81920.00
       4.099     0.999989     12419569     93622.86
       4.143     0.999991     12419588    109226.67
       4.183     0.999992     12419606    131072.00
       4.211     0.999993     12419616    145635.56
       4.235     0.999994     12419625    163840.00
       4.251     0.999995     12419634    187245.71
       4.283     0.999995     12419644    218453.33
       4.303     0.999996     12419655    262144.00
       4.319     0.999997     12419658    291271.11
       4.339     0.999997     12419663    327680.00
       4.359     0.999997     12419668    374491.43
       4.387     0.999998     12419672    436906.67
       4.427     0.999998     12419677    524288.00
       4.435     0.999998     12419681    582542.22
       4.459     0.999998     12419682    655360.00
       4.463     0.999999     12419684    748982.86
       4.503     0.999999     12419686    873813.33
       4.535     0.999999     12419689   1048576.00
       4.579     0.999999     12419690   1165084.44
       4.583     0.999999     12419691   1310720.00
       4.587     0.999999     12419692   1497965.71
       4.595     0.999999     12419693   1747626.67
       4.639     1.000000     12419695   2097152.00
       4.639     1.000000     12419695   2330168.89
       4.655     1.000000     12419696   2621440.00
       4.655     1.000000     12419696   2995931.43
       4.767     1.000000     12419697   3495253.33
       4.811     1.000000     12419698   4194304.00
       4.811     1.000000     12419698   4660337.78
       4.811     1.000000     12419698   5242880.00
       4.811     1.000000     12419698   5991862.86
       4.915     1.000000     12419699   6990506.67
       4.915     1.000000     12419699   8388608.00
       4.915     1.000000     12419699   9320675.55
       4.915     1.000000     12419699  10485760.00
       4.915     1.000000     12419699  11983725.71
       4.987     1.000000     12419700  13981013.34
       4.987     1.000000     12419700          inf
#[Mean    =        1.376, StdDeviation   =        0.624]
#[Max     =        4.984, Total count    =     12419700]
#[Buckets =           27, SubBuckets     =         2048]
----------------------------------------------------------
  14960247 requests in 1.00m, 17.74GB read
Requests/sec: 249336.84
Transfer/sec:    302.70MB
