Running 1m test @ http://192.168.100.100:8080/exp1-1k.txt
  4 threads and 256 connections
  Thread calibration: mean lat.: 460.170ms, rate sampling interval: 1689ms
  Thread calibration: mean lat.: 411.665ms, rate sampling interval: 1521ms
  Thread calibration: mean lat.: 508.658ms, rate sampling interval: 1884ms
  Thread calibration: mean lat.: 430.195ms, rate sampling interval: 1639ms
  Thread Stats   Avg      Stdev     Max   +/- Stdev
    Latency     3.20s     1.34s    6.48s    58.41%
    Req/Sec    68.13k     1.28k   70.71k    69.23%
  Latency Distribution (HdrHistogram - Recorded Latency)
 50.000%    3.19s 
 75.000%    4.35s 
 90.000%    5.03s 
 99.000%    5.68s 
 99.900%    6.04s 
 99.990%    6.35s 
 99.999%    6.45s 
100.000%    6.48s 

  Detailed Percentile spectrum:
       Value   Percentile   TotalCount 1/(1-Percentile)

     614.911     0.000000            2         1.00
    1374.207     0.100000      1354844         1.11
    1835.007     0.200000      2709288         1.25
    2291.711     0.300000      4061326         1.43
    2727.935     0.400000      5415603         1.67
    3192.831     0.500000      6771679         2.00
    3407.871     0.550000      7446343         2.22
    3629.055     0.600000      8126763         2.50
    3862.527     0.650000      8798848         2.86
    4108.287     0.700000      9476973         3.33
    4349.951     0.750000     10162986         4.00
    4468.735     0.775000     10500081         4.44
    4583.423     0.800000     10831722         5.00
    4698.111     0.825000     11171797         5.71
    4804.607     0.850000     11511425         6.67
    4915.199     0.875000     11851507         8.00
    4968.447     0.887500     12021721         8.89
    5025.791     0.900000     12184628        10.00
    5087.231     0.912500     12355736        11.43
    5152.767     0.925000     12522132        13.33
    5222.399     0.937500     12699321        16.00
    5255.167     0.943750     12774937        17.78
    5296.127     0.950000     12859425        20.00
    5345.279     0.956250     12951600        22.86
    5390.335     0.962500     13033764        26.67
    5435.391     0.968750     13114647        32.00
    5459.967     0.971875     13157159        35.56
    5488.639     0.975000     13199594        40.00
    5517.311     0.978125     13242659        45.71
    5550.079     0.981250     13286804        53.33
    5586.943     0.984375     13325309        64.00
    5611.519     0.985938     13346733        71.11
    5631.999     0.987500     13367133        80.00
    5664.767     0.989062     13390125        91.43
    5689.343     0.990625     13410654       106.67
    5726.207     0.992188     13432513       128.00
    5742.591     0.992969     13441828       142.22
    5763.071     0.993750     13452124       160.00
    5783.551     0.994531     13463628       182.86
    5812.223     0.995313     13473494       213.33
    5844.991     0.996094     13483734       256.00
    5865.471     0.996484     13489471       284.44
    5877.759     0.996875     13495620       320.00
    5890.047     0.997266     13499723       365.71
    5906.431     0.997656     13504244       426.67
    5931.007     0.998047     13509781       512.00
    5955.583     0.998242     13512532       568.89
    5976.063     0.998437     13514823       640.00
    6000.639     0.998633     13517474       731.43
    6025.215     0.998828     13520261       853.33
    6041.599     0.999023     13522951      1024.00
    6049.791     0.999121     13524234      1137.78
    6070.271     0.999219     13525444      1280.00
    6082.559     0.999316     13526997      1462.86
    6094.847     0.999414     13528335      1706.67
    6119.423     0.999512     13529378      2048.00
    6131.711     0.999561     13530010      2275.56
    6148.095     0.999609     13530880      2560.00
    6164.479     0.999658     13531371      2925.71
    6197.247     0.999707     13531966      3413.33
    6225.919     0.999756     13532829      4096.00
    6230.015     0.999780     13532979      4551.11
    6238.207     0.999805     13533369      5120.00
    6266.879     0.999829     13533616      5851.43
    6307.839     0.999854     13533961      6826.67
    6344.703     0.999878     13534300      8192.00
    6348.799     0.999890     13534574      9102.22
    6352.895     0.999902     13534849     10240.00
    6352.895     0.999915     13534849     11702.86
    6356.991     0.999927     13534986     13653.33
    6381.567     0.999939     13535109     16384.00
    6402.047     0.999945     13535198     18204.44
    6418.431     0.999951     13535277     20480.00
    6422.527     0.999957     13535380     23405.71
    6426.623     0.999963     13535564     27306.67
    6426.623     0.999969     13535564     32768.00
    6426.623     0.999973     13535564     36408.89
    6430.719     0.999976     13535689     40960.00
    6430.719     0.999979     13535689     46811.43
    6430.719     0.999982     13535689     54613.33
    6434.815     0.999985     13535739     65536.00
    6438.911     0.999986     13535754     72817.78
    6443.007     0.999988     13535771     81920.00
    6447.103     0.999989     13535788     93622.86
    6451.199     0.999991     13535804    109226.67
    6459.391     0.999992     13535839    131072.00
    6459.391     0.999993     13535839    145635.56
    6463.487     0.999994     13535857    163840.00
    6463.487     0.999995     13535857    187245.71
    6467.583     0.999995     13535874    218453.33
    6471.679     0.999996     13535892    262144.00
    6471.679     0.999997     13535892    291271.11
    6471.679     0.999997     13535892    327680.00
    6471.679     0.999997     13535892    374491.43
    6475.775     0.999998     13535910    436906.67
    6475.775     0.999998     13535910    524288.00
    6475.775     0.999998     13535910    582542.22
    6475.775     0.999998     13535910    655360.00
    6475.775     0.999999     13535910    748982.86
    6479.871     0.999999     13535927    873813.33
    6479.871     1.000000     13535927          inf
#[Mean    =     3201.921, StdDeviation   =     1336.896]
#[Max     =     6475.776, Total count    =     13535927]
#[Buckets =           27, SubBuckets     =         2048]
----------------------------------------------------------
  16307928 requests in 1.00m, 19.33GB read
Requests/sec: 271799.23
Transfer/sec:    329.97MB
