Running 1m test @ http://192.168.100.100:8080/exp1-1k.txt
  4 threads and 256 connections
  Thread calibration: mean lat.: 518.443ms, rate sampling interval: 1887ms
  Thread calibration: mean lat.: 407.717ms, rate sampling interval: 1520ms
  Thread calibration: mean lat.: 289.223ms, rate sampling interval: 1162ms
  Thread calibration: mean lat.: 382.726ms, rate sampling interval: 1516ms
  Thread Stats   Avg      Stdev     Max   +/- Stdev
    Latency     2.99s     1.29s    5.98s    59.78%
    Req/Sec    68.42k     1.37k   71.08k    67.42%
  Latency Distribution (HdrHistogram - Recorded Latency)
 50.000%    2.99s 
 75.000%    4.06s 
 90.000%    4.73s 
 99.000%    5.46s 
 99.900%    5.78s 
 99.990%    5.96s 
 99.999%    5.99s 
100.000%    5.99s 

  Detailed Percentile spectrum:
       Value   Percentile   TotalCount 1/(1-Percentile)

     251.903     0.000000            2         1.00
    1241.087     0.100000      1362159         1.11
    1682.431     0.200000      2718176         1.25
    2123.775     0.300000      4077046         1.43
    2562.047     0.400000      5441657         1.67
    2990.079     0.500000      6801132         2.00
    3209.215     0.550000      7475538         2.22
    3424.255     0.600000      8157588         2.50
    3649.535     0.650000      8835264         2.86
    3852.287     0.700000      9518092         3.33
    4059.135     0.750000     10194563         4.00
    4167.679     0.775000     10533890         4.44
    4276.223     0.800000     10880601         5.00
    4378.623     0.825000     11217827         5.71
    4497.407     0.850000     11555645         6.67
    4612.095     0.875000     11897003         8.00
    4673.535     0.887500     12066129         8.89
    4734.975     0.900000     12234859        10.00
    4804.607     0.912500     12407617        11.43
    4882.431     0.925000     12576849        13.33
    4964.351     0.937500     12743466        16.00
    5009.407     0.943750     12832520        17.78
    5054.463     0.950000     12913071        20.00
    5103.615     0.956250     12998902        22.86
    5152.767     0.962500     13086194        26.67
    5201.919     0.968750     13170852        32.00
    5226.495     0.971875     13210787        35.56
    5255.167     0.975000     13255019        40.00
    5292.031     0.978125     13297417        45.71
    5324.799     0.981250     13335860        53.33
    5369.855     0.984375     13379615        64.00
    5394.431     0.985938     13401213        71.11
    5423.103     0.987500     13422015        80.00
    5447.679     0.989062     13444925        91.43
    5464.063     0.990625     13466182       106.67
    5496.831     0.992188     13485778       128.00
    5517.311     0.992969     13495398       142.22
    5537.791     0.993750     13505589       160.00
    5558.271     0.994531     13516634       182.86
    5574.655     0.995313     13527190       213.33
    5595.135     0.996094     13537681       256.00
    5611.519     0.996484     13543283       284.44
    5631.999     0.996875     13548578       320.00
    5648.383     0.997266     13553485       365.71
    5668.863     0.997656     13558780       426.67
    5685.247     0.998047     13563748       512.00
    5701.631     0.998242     13566490       568.89
    5718.015     0.998437     13568973       640.00
    5738.495     0.998633     13572201       731.43
    5754.879     0.998828     13574744       853.33
    5779.455     0.999023     13576887      1024.00
    5795.839     0.999121     13578244      1137.78
    5816.319     0.999219     13579491      1280.00
    5832.703     0.999316     13581089      1462.86
    5844.991     0.999414     13582385      1706.67
    5873.663     0.999512     13583640      2048.00
    5885.951     0.999561     13584225      2275.56
    5894.143     0.999609     13585305      2560.00
    5898.239     0.999658     13585599      2925.71
    5914.623     0.999707     13586189      3413.33
    5922.815     0.999756     13586804      4096.00
    5926.911     0.999780     13587131      4551.11
    5935.103     0.999805     13587505      5120.00
    5939.199     0.999829     13587744      5851.43
    5943.295     0.999854     13588100      6826.67
    5951.487     0.999878     13588439      8192.00
    5955.583     0.999890     13588792      9102.22
    5955.583     0.999902     13588792     10240.00
    5959.679     0.999915     13589221     11702.86
    5959.679     0.999927     13589221     13653.33
    5963.775     0.999939     13589406     16384.00
    5963.775     0.999945     13589406     18204.44
    5963.775     0.999951     13589406     20480.00
    5967.871     0.999957     13589521     23405.71
    5976.063     0.999963     13589604     27306.67
    5980.159     0.999969     13589683     32768.00
    5984.255     0.999973     13589877     36408.89
    5984.255     0.999976     13589877     40960.00
    5984.255     0.999979     13589877     46811.43
    5984.255     0.999982     13589877     54613.33
    5984.255     0.999985     13589877     65536.00
    5984.255     0.999986     13589877     72817.78
    5988.351     0.999988     13590057     81920.00
    5988.351     1.000000     13590057          inf
#[Mean    =     2993.955, StdDeviation   =     1290.211]
#[Max     =     5984.256, Total count    =     13590057]
#[Buckets =           27, SubBuckets     =         2048]
----------------------------------------------------------
  16267599 requests in 1.00m, 19.29GB read
Requests/sec: 271126.63
Transfer/sec:    329.15MB
