Running 1m test @ http://192.168.100.100:8080/exp1-1k.txt
  4 threads and 256 connections
  Thread calibration: mean lat.: 319.367ms, rate sampling interval: 1400ms
  Thread calibration: mean lat.: 384.387ms, rate sampling interval: 1557ms
  Thread calibration: mean lat.: 377.785ms, rate sampling interval: 1422ms
  Thread calibration: mean lat.: 432.932ms, rate sampling interval: 1709ms
  Thread Stats   Avg      Stdev     Max   +/- Stdev
    Latency     3.02s     1.28s    6.59s    59.54%
    Req/Sec    68.45k     1.30k   70.68k    65.89%
  Latency Distribution (HdrHistogram - Recorded Latency)
 50.000%    3.01s 
 75.000%    4.09s 
 90.000%    4.77s 
 99.000%    5.47s 
 99.900%    6.00s 
 99.990%    6.48s 
 99.999%    6.59s 
100.000%    6.60s 

  Detailed Percentile spectrum:
       Value   Percentile   TotalCount 1/(1-Percentile)

     487.679     0.000000            1         1.00
    1264.639     0.100000      1360515         1.11
    1718.271     0.200000      2720126         1.25
    2154.495     0.300000      4079503         1.43
    2590.719     0.400000      5441047         1.67
    3014.655     0.500000      6800796         2.00
    3233.791     0.550000      7484666         2.22
    3442.687     0.600000      8161525         2.50
    3653.631     0.650000      8845302         2.86
    3870.719     0.700000      9523725         3.33
    4085.759     0.750000     10198818         4.00
    4198.399     0.775000     10549945         4.44
    4308.991     0.800000     10889898         5.00
    4419.583     0.825000     11222713         5.71
    4530.175     0.850000     11565190         6.67
    4648.959     0.875000     11907891         8.00
    4706.303     0.887500     12071718         8.89
    4771.839     0.900000     12245600        10.00
    4833.279     0.912500     12414543        11.43
    4894.719     0.925000     12579597        13.33
    4960.255     0.937500     12748096        16.00
    5001.215     0.943750     12837994        17.78
    5038.079     0.950000     12920537        20.00
    5079.039     0.956250     13003646        22.86
    5124.095     0.962500     13088020        26.67
    5181.439     0.968750     13178219        32.00
    5206.015     0.971875     13214838        35.56
    5238.783     0.975000     13260675        40.00
    5271.551     0.978125     13303214        45.71
    5312.511     0.981250     13346812        53.33
    5357.567     0.984375     13386178        64.00
    5386.239     0.985938     13407095        71.11
    5414.911     0.987500     13427925        80.00
    5447.679     0.989062     13450002        91.43
    5484.543     0.990625     13469937       106.67
    5529.599     0.992188     13492092       128.00
    5550.079     0.992969     13502864       142.22
    5574.655     0.993750     13513284       160.00
    5599.231     0.994531     13523123       182.86
    5627.903     0.995313     13534736       213.33
    5664.767     0.996094     13544171       256.00
    5693.439     0.996484     13549694       284.44
    5726.207     0.996875     13554924       320.00
    5750.783     0.997266     13560198       365.71
    5775.359     0.997656     13565475       426.67
    5824.511     0.998047     13570814       512.00
    5849.087     0.998242     13573315       568.89
    5877.759     0.998437     13576378       640.00
    5890.047     0.998633     13578680       731.43
    5939.199     0.998828     13581307       853.33
    6000.639     0.999023     13584057      1024.00
    6017.023     0.999121     13585391      1137.78
    6037.503     0.999219     13586644      1280.00
    6062.079     0.999316     13587958      1462.86
    6111.231     0.999414     13589580      1706.67
    6152.191     0.999512     13590594      2048.00
    6176.767     0.999561     13591248      2275.56
    6193.151     0.999609     13592033      2560.00
    6209.535     0.999658     13592712      2925.71
    6225.919     0.999707     13593256      3413.33
    6238.207     0.999756     13594016      4096.00
    6242.303     0.999780     13594281      4551.11
    6283.263     0.999805     13594569      5120.00
    6352.895     0.999829     13594897      5851.43
    6393.855     0.999854     13595223      6826.67
    6447.103     0.999878     13595583      8192.00
    6455.295     0.999890     13595719      9102.22
    6488.063     0.999902     13595886     10240.00
    6500.351     0.999915     13596116     11702.86
    6504.447     0.999927     13596220     13653.33
    6520.831     0.999939     13596403     16384.00
    6524.927     0.999945     13596502     18204.44
    6529.023     0.999951     13596597     20480.00
    6533.119     0.999957     13596680     23405.71
    6541.311     0.999963     13596719     27306.67
    6565.887     0.999969     13596808     32768.00
    6578.175     0.999973     13596854     36408.89
    6586.367     0.999976     13596888     40960.00
    6590.463     0.999979     13596925     46811.43
    6594.559     0.999982     13597196     54613.33
    6594.559     0.999985     13597196     65536.00
    6594.559     0.999986     13597196     72817.78
    6594.559     0.999988     13597196     81920.00
    6594.559     0.999989     13597196     93622.86
    6594.559     0.999991     13597196    109226.67
    6594.559     0.999992     13597196    131072.00
    6594.559     0.999993     13597196    145635.56
    6594.559     0.999994     13597196    163840.00
    6594.559     0.999995     13597196    187245.71
    6594.559     0.999995     13597196    218453.33
    6594.559     0.999996     13597196    262144.00
    6594.559     0.999997     13597196    291271.11
    6594.559     0.999997     13597196    327680.00
    6594.559     0.999997     13597196    374491.43
    6594.559     0.999998     13597196    436906.67
    6594.559     0.999998     13597196    524288.00
    6594.559     0.999998     13597196    582542.22
    6594.559     0.999998     13597196    655360.00
    6594.559     0.999999     13597196    748982.86
    6594.559     0.999999     13597196    873813.33
    6598.655     0.999999     13597211   1048576.00
    6598.655     1.000000     13597211          inf
#[Mean    =     3021.193, StdDeviation   =     1282.091]
#[Max     =     6594.560, Total count    =     13597211]
#[Buckets =           27, SubBuckets     =         2048]
----------------------------------------------------------
  16335376 requests in 1.00m, 19.37GB read
Requests/sec: 272257.04
Transfer/sec:    330.53MB
