Running 1m test @ http://192.168.100.100:8080/exp1-1k.txt
  4 threads and 256 connections
  Thread calibration: mean lat.: 455.046ms, rate sampling interval: 1759ms
  Thread calibration: mean lat.: 497.276ms, rate sampling interval: 1868ms
  Thread calibration: mean lat.: 450.659ms, rate sampling interval: 1672ms
  Thread calibration: mean lat.: 411.475ms, rate sampling interval: 1503ms
  Thread Stats   Avg      Stdev     Max   +/- Stdev
    Latency     3.19s     1.32s    6.56s    58.55%
    Req/Sec    68.24k     1.28k   70.75k    68.10%
  Latency Distribution (HdrHistogram - Recorded Latency)
 50.000%    3.19s 
 75.000%    4.31s 
 90.000%    4.98s 
 99.000%    5.66s 
 99.900%    6.15s 
 99.990%    6.43s 
 99.999%    6.54s 
100.000%    6.56s 

  Detailed Percentile spectrum:
       Value   Percentile   TotalCount 1/(1-Percentile)

     651.775     0.000000            1         1.00
    1361.919     0.100000      1357425         1.11
    1820.671     0.200000      2712206         1.25
    2277.375     0.300000      4067432         1.43
    2742.271     0.400000      5422527         1.67
    3194.879     0.500000      6784572         2.00
    3407.871     0.550000      7460361         2.22
    3629.055     0.600000      8134043         2.50
    3854.335     0.650000      8814632         2.86
    4075.519     0.700000      9491843         3.33
    4308.991     0.750000     10169165         4.00
    4427.775     0.775000     10516832         4.44
    4534.271     0.800000     10852456         5.00
    4636.671     0.825000     11187153         5.71
    4743.167     0.850000     11524737         6.67
    4857.855     0.875000     11865746         8.00
    4919.295     0.887500     12038617         8.89
    4976.639     0.900000     12200747        10.00
    5038.079     0.912500     12370772        11.43
    5103.615     0.925000     12539327        13.33
    5177.343     0.937500     12713623        16.00
    5214.207     0.943750     12799025        17.78
    5251.071     0.950000     12880505        20.00
    5287.935     0.956250     12964484        22.86
    5332.991     0.962500     13049945        26.67
    5382.143     0.968750     13133949        32.00
    5410.815     0.971875     13177775        35.56
    5435.391     0.975000     13216878        40.00
    5468.159     0.978125     13260639        45.71
    5509.119     0.981250     13303636        53.33
    5554.175     0.984375     13346933        64.00
    5578.751     0.985938     13366686        71.11
    5607.423     0.987500     13388379        80.00
    5644.287     0.989062     13408505        91.43
    5685.247     0.990625     13429074       106.67
    5738.495     0.992188     13450823       128.00
    5763.071     0.992969     13460348       142.22
    5791.743     0.993750     13471697       160.00
    5824.511     0.994531     13482224       182.86
    5853.183     0.995313     13492641       213.33
    5890.047     0.996094     13502894       256.00
    5914.623     0.996484     13508290       284.44
    5939.199     0.996875     13513333       320.00
    5967.871     0.997266     13518501       365.71
    6004.735     0.997656     13523694       426.67
    6037.503     0.998047     13529563       512.00
    6049.791     0.998242     13531990       568.89
    6062.079     0.998437     13534500       640.00
    6090.751     0.998633     13536820       731.43
    6119.423     0.998828     13539593       853.33
    6156.287     0.999023     13542170      1024.00
    6172.671     0.999121     13543954      1137.78
    6180.863     0.999219     13544757      1280.00
    6209.535     0.999316     13546062      1462.86
    6234.111     0.999414     13547606      1706.67
    6258.687     0.999512     13548865      2048.00
    6279.167     0.999561     13549453      2275.56
    6291.455     0.999609     13550144      2560.00
    6303.743     0.999658     13550682      2925.71
    6316.031     0.999707     13551526      3413.33
    6332.415     0.999756     13552138      4096.00
    6336.511     0.999780     13552348      4551.11
    6344.703     0.999805     13552704      5120.00
    6352.895     0.999829     13553196      5851.43
    6361.087     0.999854     13553336      6826.67
    6406.143     0.999878     13553660      8192.00
    6418.431     0.999890     13553834      9102.22
    6426.623     0.999902     13554014     10240.00
    6434.815     0.999915     13554225     11702.86
    6451.199     0.999927     13554327     13653.33
    6488.063     0.999939     13554496     16384.00
    6504.447     0.999945     13554568     18204.44
    6516.735     0.999951     13554784     20480.00
    6516.735     0.999957     13554784     23405.71
    6520.831     0.999963     13555047     27306.67
    6520.831     0.999969     13555047     32768.00
    6520.831     0.999973     13555047     36408.89
    6520.831     0.999976     13555047     40960.00
    6520.831     0.999979     13555047     46811.43
    6524.927     0.999982     13555075     54613.33
    6529.023     0.999985     13555102     65536.00
    6533.119     0.999986     13555123     72817.78
    6537.215     0.999988     13555148     81920.00
    6541.311     0.999989     13555173     93622.86
    6545.407     0.999991     13555194    109226.67
    6549.503     0.999992     13555220    131072.00
    6549.503     0.999993     13555220    145635.56
    6553.599     0.999994     13555244    163840.00
    6553.599     0.999995     13555244    187245.71
    6553.599     0.999995     13555244    218453.33
    6557.695     0.999996     13555264    262144.00
    6557.695     0.999997     13555264    291271.11
    6561.791     0.999997     13555306    327680.00
    6561.791     1.000000     13555306          inf
#[Mean    =     3185.096, StdDeviation   =     1324.318]
#[Max     =     6557.696, Total count    =     13555306]
#[Buckets =           27, SubBuckets     =         2048]
----------------------------------------------------------
  16324621 requests in 1.00m, 19.35GB read
Requests/sec: 272077.98
Transfer/sec:    330.31MB
