Running 1m test @ http://192.168.100.100:8080/exp1-1k.txt
  4 threads and 256 connections
  Thread calibration: mean lat.: 411.501ms, rate sampling interval: 1616ms
  Thread calibration: mean lat.: 358.146ms, rate sampling interval: 1463ms
  Thread calibration: mean lat.: 397.327ms, rate sampling interval: 1564ms
  Thread calibration: mean lat.: 425.903ms, rate sampling interval: 1655ms
  Thread Stats   Avg      Stdev     Max   +/- Stdev
    Latency     3.06s     1.31s    6.18s    58.95%
    Req/Sec    68.31k     1.45k   71.14k    66.94%
  Latency Distribution (HdrHistogram - Recorded Latency)
 50.000%    3.05s 
 75.000%    4.16s 
 90.000%    4.85s 
 99.000%    5.57s 
 99.900%    5.96s 
 99.990%    6.11s 
 99.999%    6.17s 
100.000%    6.18s 

  Detailed Percentile spectrum:
       Value   Percentile   TotalCount 1/(1-Percentile)

     549.375     0.000000            3         1.00
    1270.783     0.100000      1359507         1.11
    1715.199     0.200000      2715249         1.25
    2162.687     0.300000      4076001         1.43
    2607.103     0.400000      5432507         1.67
    3047.423     0.500000      6789309         2.00
    3266.559     0.550000      7470442         2.22
    3489.791     0.600000      8143406         2.50
    3721.215     0.650000      8822574         2.86
    3942.399     0.700000      9504778         3.33
    4163.583     0.750000     10182643         4.00
    4280.319     0.775000     10521003         4.44
    4399.103     0.800000     10865520         5.00
    4509.695     0.825000     11200934         5.71
    4616.191     0.850000     11540881         6.67
    4730.879     0.875000     11879497         8.00
    4792.319     0.887500     12054004         8.89
    4853.759     0.900000     12225227        10.00
    4919.295     0.912500     12387009        11.43
    4993.023     0.925000     12558392        13.33
    5070.847     0.937500     12725908        16.00
    5107.711     0.943750     12812114        17.78
    5148.671     0.950000     12898067        20.00
    5189.631     0.956250     12980217        22.86
    5238.783     0.962500     13063354        26.67
    5292.031     0.968750     13152035        32.00
    5320.703     0.971875     13191027        35.56
    5357.567     0.975000     13235194        40.00
    5390.335     0.978125     13278792        45.71
    5427.199     0.981250     13319964        53.33
    5472.255     0.984375     13361864        64.00
    5496.831     0.985938     13381850        71.11
    5525.503     0.987500     13402217        80.00
    5550.079     0.989062     13423485        91.43
    5591.039     0.990625     13445318       106.67
    5640.191     0.992188     13466451       128.00
    5664.767     0.992969     13476900       142.22
    5693.439     0.993750     13487162       160.00
    5713.919     0.994531     13497521       182.86
    5738.495     0.995313     13508364       213.33
    5775.359     0.996094     13519031       256.00
    5791.743     0.996484     13524061       284.44
    5812.223     0.996875     13529701       320.00
    5836.799     0.997266     13535346       365.71
    5857.279     0.997656     13539693       426.67
    5881.855     0.998047     13545595       512.00
    5898.239     0.998242     13548392       568.89
    5914.623     0.998437     13550907       640.00
    5926.911     0.998633     13553571       731.43
    5947.391     0.998828     13555837       853.33
    5963.775     0.999023     13558484      1024.00
    5971.967     0.999121     13559736      1137.78
    5980.159     0.999219     13560938      1280.00
    5988.351     0.999316     13562235      1462.86
    6000.639     0.999414     13563802      1706.67
    6008.831     0.999512     13564889      2048.00
    6017.023     0.999561     13565607      2275.56
    6025.215     0.999609     13566231      2560.00
    6037.503     0.999658     13566818      2925.71
    6049.791     0.999707     13567568      3413.33
    6066.175     0.999756     13568190      4096.00
    6074.367     0.999780     13568681      4551.11
    6078.463     0.999805     13568834      5120.00
    6086.655     0.999829     13569127      5851.43
    6090.751     0.999854     13569563      6826.67
    6098.943     0.999878     13569897      8192.00
    6103.039     0.999890     13570019      9102.22
    6107.135     0.999902     13570232     10240.00
    6111.231     0.999915     13570299     11702.86
    6123.519     0.999927     13570515     13653.33
    6139.903     0.999939     13570693     16384.00
    6143.999     0.999945     13570783     18204.44
    6143.999     0.999951     13570783     20480.00
    6148.095     0.999957     13570881     23405.71
    6152.191     0.999963     13570963     27306.67
    6156.287     0.999969     13571081     32768.00
    6156.287     0.999973     13571081     36408.89
    6160.383     0.999976     13571134     40960.00
    6164.479     0.999979     13571202     46811.43
    6164.479     0.999982     13571202     54613.33
    6168.575     0.999985     13571318     65536.00
    6168.575     0.999986     13571318     72817.78
    6168.575     0.999988     13571318     81920.00
    6168.575     0.999989     13571318     93622.86
    6168.575     0.999991     13571318    109226.67
    6172.671     0.999992     13571342    131072.00
    6176.767     0.999993     13571362    145635.56
    6176.767     0.999994     13571362    163840.00
    6180.863     0.999995     13571385    187245.71
    6180.863     0.999995     13571385    218453.33
    6184.959     0.999996     13571442    262144.00
    6184.959     1.000000     13571442          inf
#[Mean    =     3064.765, StdDeviation   =     1314.248]
#[Max     =     6180.864, Total count    =     13571442]
#[Buckets =           27, SubBuckets     =         2048]
----------------------------------------------------------
  16303279 requests in 1.00m, 19.33GB read
Requests/sec: 271721.39
Transfer/sec:    329.88MB
