[exp1] --keep-vms enabled, leaving dual VMs running
Running 24s test @ http://192.168.100.100:8080/exp1-1k.txt
  4 threads and 256 connections
  Thread calibration: mean lat.: 1.569ms, rate sampling interval: 10ms
  Thread calibration: mean lat.: 1.552ms, rate sampling interval: 10ms
  Thread calibration: mean lat.: 1.548ms, rate sampling interval: 10ms
  Thread calibration: mean lat.: 1.576ms, rate sampling interval: 10ms
  Thread Stats   Avg      Stdev     Max   +/- Stdev
    Latency     1.35ms  592.84us   5.23ms   66.65%
    Req/Sec     1.07k     5.21k   31.78k    95.93%
  Latency Distribution (HdrHistogram - Recorded Latency)
 50.000%    1.28ms
 75.000%    1.74ms
 90.000%    2.16ms
 99.000%    2.88ms
 99.900%    3.80ms
 99.990%    4.53ms
 99.999%    5.23ms
100.000%    5.24ms

  Detailed Percentile spectrum:
       Value   Percentile   TotalCount 1/(1-Percentile)

       0.129     0.000000            1         1.00
       0.626     0.100000         5694         1.11
       0.814     0.200000        11382         1.25
       0.976     0.300000        17076         1.43
       1.129     0.400000        22739         1.67
       1.279     0.500000        28409         2.00
       1.357     0.550000        31253         2.22
       1.440     0.600000        34105         2.50
       1.529     0.650000        36955         2.86
       1.630     0.700000        39799         3.33
       1.737     0.750000        42626         4.00
       1.794     0.775000        44042         4.44
       1.855     0.800000        45466         5.00
       1.922     0.825000        46882         5.71
       1.994     0.850000        48293         6.67
       2.077     0.875000        49724         8.00
       2.121     0.887500        50450         8.89
       2.165     0.900000        51161        10.00
       2.213     0.912500        51869        11.43
       2.273     0.925000        52567        13.33
       2.331     0.937500        53281        16.00
       2.365     0.943750        53628        17.78
       2.399     0.950000        53974        20.00
       2.441     0.956250        54335        22.86
       2.487     0.962500        54699        26.67
       2.537     0.968750        55043        32.00
       2.565     0.971875        55217        35.56
       2.601     0.975000        55398        40.00
       2.637     0.978125        55573        45.71
       2.685     0.981250        55752        53.33
       2.739     0.984375        55929        64.00
       2.765     0.985938        56018        71.11
       2.805     0.987500        56106        80.00
       2.849     0.989062        56193        91.43
       2.899     0.990625        56283       106.67
       2.961     0.992188        56372       128.00
       2.999     0.992969        56421       142.22
       3.039     0.993750        56461       160.00
       3.083     0.994531        56504       182.86
       3.131     0.995313        56548       213.33
       3.197     0.996094        56593       256.00
       3.235     0.996484        56617       284.44
       3.259     0.996875        56637       320.00
       3.303     0.997266        56659       365.71
       3.359     0.997656        56683       426.67
       3.431     0.998047        56704       512.00
       3.463     0.998242        56715       568.89
       3.511     0.998437        56726       640.00
       3.591     0.998633        56737       731.43
       3.679     0.998828        56748       853.33
       3.801     0.999023        56759      1024.00
       3.865     0.999121        56765      1137.78
       3.905     0.999219        56770      1280.00
       3.969     0.999316        56776      1462.86
       4.119     0.999414        56781      1706.67
       4.203     0.999512        56788      2048.00
       4.215     0.999561        56790      2275.56
       4.235     0.999609        56793      2560.00
       4.267     0.999658        56795      2925.71
       4.283     0.999707        56798      3413.33
       4.339     0.999756        56801      4096.00
       4.403     0.999780        56802      4551.11
       4.427     0.999805        56803      5120.00
       4.439     0.999829        56805      5851.43
       4.491     0.999854        56806      6826.67
       4.531     0.999878        56808      8192.00
       4.531     0.999890        56808      9102.22
       4.631     0.999902        56809     10240.00
       4.783     0.999915        56810     11702.86
       4.783     0.999927        56810     13653.33
       4.823     0.999939        56811     16384.00
       4.823     0.999945        56811     18204.44
       5.083     0.999951        56812     20480.00
       5.083     0.999957        56812     23405.71
       5.083     0.999963        56812     27306.67
       5.227     0.999969        56813     32768.00
       5.227     0.999973        56813     36408.89
       5.227     0.999976        56813     40960.00
       5.227     0.999979        56813     46811.43
       5.227     0.999982        56813     54613.33
       5.235     0.999985        56814     65536.00
       5.235     1.000000        56814          inf
#[Mean    =        1.348, StdDeviation   =        0.593]
#[Max     =        5.232, Total count    =        56814]
#[Buckets =           27, SubBuckets     =         2048]
----------------------------------------------------------
  1051957 requests in 24.32s, 1.25GB read
  Socket errors: connect 0, read 0, write 0, timeout 1536
Requests/sec:  43247.27
Transfer/sec:     52.50MB
