Running 1m test @ http://192.168.100.100:8080/exp1-1k.txt
  4 threads and 256 connections
  Thread calibration: mean lat.: 1.398ms, rate sampling interval: 10ms
  Thread calibration: mean lat.: 1.366ms, rate sampling interval: 10ms
  Thread calibration: mean lat.: 1.438ms, rate sampling interval: 10ms
  Thread calibration: mean lat.: 1.378ms, rate sampling interval: 10ms
  Thread Stats   Avg      Stdev     Max   +/- Stdev
    Latency     1.40ms  767.59us  25.26ms   77.68%
    Req/Sec    52.79k     3.68k   81.78k    70.46%
  Latency Distribution (HdrHistogram - Recorded Latency)
 50.000%    1.31ms
 75.000%    1.80ms
 90.000%    2.26ms
 99.000%    2.97ms
 99.900%    9.41ms
 99.990%   18.66ms
 99.999%   23.68ms
100.000%   25.28ms

  Detailed Percentile spectrum:
       Value   Percentile   TotalCount 1/(1-Percentile)

       0.056     0.000000            1         1.00
       0.632     0.100000       995720         1.11
       0.824     0.200000      1987347         1.25
       0.990     0.300000      2984279         1.43
       1.150     0.400000      3977229         1.67
       1.314     0.500000      4973213         2.00
       1.399     0.550000      5467480         2.22
       1.488     0.600000      5963100         2.50
       1.584     0.650000      6462337         2.86
       1.688     0.700000      6958489         3.33
       1.801     0.750000      7454582         4.00
       1.862     0.775000      7702333         4.44
       1.927     0.800000      7950661         5.00
       1.997     0.825000      8198240         5.71
       2.075     0.850000      8447955         6.67
       2.161     0.875000      8695578         8.00
       2.209     0.887500      8821540         8.89
       2.259     0.900000      8944726        10.00
       2.313     0.912500      9068194        11.43
       2.373     0.925000      9193022        13.33
       2.439     0.937500      9316363        16.00
       2.475     0.943750      9377720        17.78
       2.515     0.950000      9440281        20.00
       2.559     0.956250      9503220        22.86
       2.607     0.962500      9564605        26.67
       2.663     0.968750      9627202        32.00
       2.693     0.971875      9657253        35.56
       2.727     0.975000      9688681        40.00
       2.763     0.978125      9718827        45.71
       2.807     0.981250      9750763        53.33
       2.855     0.984375      9781482        64.00
       2.883     0.985938      9797118        71.11
       2.913     0.987500      9812336        80.00
       2.947     0.989062      9827748        91.43
       2.985     0.990625      9843120       106.67
       3.029     0.992188      9858146       128.00
       3.057     0.992969      9866058       142.22
       3.089     0.993750      9873645       160.00
       3.131     0.994531      9881692       182.86
       3.187     0.995313      9889246       213.33
       3.285     0.996094      9896949       256.00
       3.387     0.996484      9900796       284.44
       3.675     0.996875      9904670       320.00
       4.411     0.997266      9908545       365.71
       5.411     0.997656      9912427       426.67
       6.479     0.998047      9916307       512.00
       7.047     0.998242      9918248       568.89
       7.627     0.998437      9920187       640.00
       8.231     0.998633      9922149       731.43
       8.847     0.998828      9924065       853.33
       9.503     0.999023      9926013      1024.00
       9.895     0.999121      9926990      1137.78
      10.303     0.999219      9927950      1280.00
      10.799     0.999316      9928934      1462.86
      11.407     0.999414      9929887      1706.67
      12.183     0.999512      9930868      2048.00
      12.655     0.999561      9931344      2275.56
      13.239     0.999609      9931834      2560.00
      13.839     0.999658      9932322      2925.71
      14.647     0.999707      9932800      3413.33
      15.735     0.999756      9933283      4096.00
      16.335     0.999780      9933526      4551.11
      16.847     0.999805      9933775      5120.00
      17.279     0.999829      9934014      5851.43
      17.679     0.999854      9934255      6826.67
      18.143     0.999878      9934502      8192.00
      18.383     0.999890      9934619      9102.22
      18.799     0.999902      9934740     10240.00
      19.343     0.999915      9934867     11702.86
      20.015     0.999927      9934984     13653.33
      20.703     0.999939      9935105     16384.00
      21.055     0.999945      9935163     18204.44
      21.327     0.999951      9935223     20480.00
      21.663     0.999957      9935285     23405.71
      22.063     0.999963      9935349     27306.67
      22.399     0.999969      9935406     32768.00
      22.639     0.999973      9935437     36408.89
      22.815     0.999976      9935466     40960.00
      23.007     0.999979      9935497     46811.43
      23.215     0.999982      9935529     54613.33
      23.359     0.999985      9935558     65536.00
      23.455     0.999986      9935572     72817.78
      23.567     0.999988      9935587     81920.00
      23.631     0.999989      9935603     93622.86
      23.711     0.999991      9935618    109226.67
      23.823     0.999992      9935633    131072.00
      23.871     0.999993      9935640    145635.56
      23.951     0.999994      9935648    163840.00
      24.031     0.999995      9935656    187245.71
      24.111     0.999995      9935665    218453.33
      24.175     0.999996      9935672    262144.00
      24.223     0.999997      9935676    291271.11
      24.239     0.999997      9935678    327680.00
      24.303     0.999997      9935682    374491.43
      24.351     0.999998      9935688    436906.67
      24.447     0.999998      9935691    524288.00
      24.447     0.999998      9935691    582542.22
      24.495     0.999998      9935693    655360.00
      24.591     0.999999      9935695    748982.86
      24.639     0.999999      9935697    873813.33
      24.687     0.999999      9935699   1048576.00
      24.703     0.999999      9935700   1165084.44
      24.735     0.999999      9935702   1310720.00
      24.735     0.999999      9935702   1497965.71
      24.767     0.999999      9935703   1747626.67
      24.815     1.000000      9935704   2097152.00
      24.815     1.000000      9935704   2330168.89
      24.911     1.000000      9935705   2621440.00
      24.911     1.000000      9935705   2995931.43
      25.055     1.000000      9935706   3495253.33
      25.055     1.000000      9935706   4194304.00
      25.055     1.000000      9935706   4660337.78
      25.167     1.000000      9935707   5242880.00
      25.167     1.000000      9935707   5991862.86
      25.167     1.000000      9935707   6990506.67
      25.167     1.000000      9935707   8388608.00
      25.167     1.000000      9935707   9320675.55
      25.279     1.000000      9935708  10485760.00
      25.279     1.000000      9935708          inf
#[Mean    =        1.403, StdDeviation   =        0.768]
#[Max     =       25.264, Total count    =      9935708]
#[Buckets =           27, SubBuckets     =         2048]
----------------------------------------------------------
  11926018 requests in 1.00m, 14.14GB read
Requests/sec: 198768.54
Transfer/sec:    241.31MB
