Running 1m test @ http://192.168.100.100:8080/exp1-1k.txt
  4 threads and 256 connections
  Thread calibration: mean lat.: 1.385ms, rate sampling interval: 10ms
  Thread calibration: mean lat.: 1.405ms, rate sampling interval: 10ms
  Thread calibration: mean lat.: 1.479ms, rate sampling interval: 10ms
  Thread calibration: mean lat.: 1.401ms, rate sampling interval: 10ms
  Thread Stats   Avg      Stdev     Max   +/- Stdev
    Latency     1.38ms  615.03us   5.34ms   65.93%
    Req/Sec    52.78k     3.53k   67.44k    70.34%
  Latency Distribution (HdrHistogram - Recorded Latency)
 50.000%    1.32ms
 75.000%    1.79ms
 90.000%    2.25ms
 99.000%    2.90ms
 99.900%    3.21ms
 99.990%    3.67ms
 99.999%    4.42ms
100.000%    5.34ms

  Detailed Percentile spectrum:
       Value   Percentile   TotalCount 1/(1-Percentile)

       0.051     0.000000            1         1.00
       0.630     0.100000       997677         1.11
       0.820     0.200000      1987311         1.25
       0.988     0.300000      2984923         1.43
       1.151     0.400000      3978895         1.67
       1.315     0.500000      4969932         2.00
       1.400     0.550000      5467238         2.22
       1.488     0.600000      5962919         2.50
       1.582     0.650000      6463094         2.86
       1.683     0.700000      6956703         3.33
       1.795     0.750000      7454932         4.00
       1.855     0.775000      7703250         4.44
       1.919     0.800000      7951727         5.00
       1.988     0.825000      8198560         5.71
       2.065     0.850000      8447472         6.67
       2.151     0.875000      8694123         8.00
       2.199     0.887500      8819974         8.89
       2.251     0.900000      8946836        10.00
       2.305     0.912500      9069388        11.43
       2.365     0.925000      9194081        13.33
       2.431     0.937500      9318018        16.00
       2.467     0.943750      9380060        17.78
       2.505     0.950000      9441299        20.00
       2.547     0.956250      9503663        22.86
       2.591     0.962500      9563407        26.67
       2.643     0.968750      9626929        32.00
       2.671     0.971875      9658090        35.56
       2.701     0.975000      9688739        40.00
       2.733     0.978125      9719078        45.71
       2.769     0.981250      9749833        53.33
       2.811     0.984375      9781894        64.00
       2.833     0.985938      9796980        71.11
       2.857     0.987500      9812326        80.00
       2.883     0.989062      9827437        91.43
       2.913     0.990625      9843429       106.67
       2.945     0.992188      9858743       128.00
       2.963     0.992969      9866835       142.22
       2.981     0.993750      9874270       160.00
       3.001     0.994531      9882006       182.86
       3.023     0.995313      9889615       213.33
       3.047     0.996094      9897128       256.00
       3.061     0.996484      9901197       284.44
       3.077     0.996875      9905308       320.00
       3.093     0.997266      9909038       365.71
       3.111     0.997656      9912699       426.67
       3.133     0.998047      9916540       512.00
       3.147     0.998242      9918594       568.89
       3.161     0.998437      9920544       640.00
       3.177     0.998633      9922488       731.43
       3.195     0.998828      9924341       853.33
       3.217     0.999023      9926279      1024.00
       3.229     0.999121      9927162      1137.78
       3.245     0.999219      9928237      1280.00
       3.263     0.999316      9929188      1462.86
       3.283     0.999414      9930128      1706.67
       3.307     0.999512      9931069      2048.00
       3.323     0.999561      9931545      2275.56
       3.341     0.999609      9932030      2560.00
       3.363     0.999658      9932532      2925.71
       3.387     0.999707      9932991      3413.33
       3.423     0.999756      9933480      4096.00
       3.445     0.999780      9933723      4551.11
       3.467     0.999805      9933957      5120.00
       3.501     0.999829      9934202      5851.43
       3.543     0.999854      9934440      6826.67
       3.597     0.999878      9934681      8192.00
       3.637     0.999890      9934804      9102.22
       3.683     0.999902      9934924     10240.00
       3.723     0.999915      9935042     11702.86
       3.789     0.999927      9935166     13653.33
       3.863     0.999939      9935288     16384.00
       3.901     0.999945      9935345     18204.44
       3.953     0.999951      9935406     20480.00
       4.003     0.999957      9935467     23405.71
       4.051     0.999963      9935529     27306.67
       4.123     0.999969      9935587     32768.00
       4.163     0.999973      9935620     36408.89
       4.187     0.999976      9935650     40960.00
       4.219     0.999979      9935679     46811.43
       4.259     0.999982      9935709     54613.33
       4.315     0.999985      9935741     65536.00
       4.343     0.999986      9935755     72817.78
       4.371     0.999988      9935769     81920.00
       4.411     0.999989      9935785     93622.86
       4.443     0.999991      9935801    109226.67
       4.471     0.999992      9935815    131072.00
       4.491     0.999993      9935822    145635.56
       4.531     0.999994      9935830    163840.00
       4.559     0.999995      9935837    187245.71
       4.691     0.999995      9935845    218453.33
       4.719     0.999996      9935853    262144.00
       4.763     0.999997      9935856    291271.11
       4.807     0.999997      9935860    327680.00
       4.887     0.999997      9935865    374491.43
       4.895     0.999998      9935868    436906.67
       4.919     0.999998      9935874    524288.00
       4.919     0.999998      9935874    582542.22
       4.923     0.999998      9935875    655360.00
       4.959     0.999999      9935878    748982.86
       4.963     0.999999      9935879    873813.33
       4.983     0.999999      9935881   1048576.00
       4.995     0.999999      9935882   1165084.44
       5.039     0.999999      9935883   1310720.00
       5.079     0.999999      9935884   1497965.71
       5.115     0.999999      9935885   1747626.67
       5.199     1.000000      9935886   2097152.00
       5.199     1.000000      9935886   2330168.89
       5.307     1.000000      9935887   2621440.00
       5.307     1.000000      9935887   2995931.43
       5.315     1.000000      9935888   3495253.33
       5.315     1.000000      9935888   4194304.00
       5.315     1.000000      9935888   4660337.78
       5.339     1.000000      9935889   5242880.00
       5.339     1.000000      9935889   5991862.86
       5.339     1.000000      9935889   6990506.67
       5.339     1.000000      9935889   8388608.00
       5.339     1.000000      9935889   9320675.55
       5.343     1.000000      9935890  10485760.00
       5.343     1.000000      9935890          inf
#[Mean    =        1.381, StdDeviation   =        0.615]
#[Max     =        5.340, Total count    =      9935890]
#[Buckets =           27, SubBuckets     =         2048]
----------------------------------------------------------
  11968211 requests in 1.00m, 14.19GB read
Requests/sec: 199473.49
Transfer/sec:    242.17MB
