Running 1m test @ http://192.168.100.100:8080/exp1-1k.txt
  4 threads and 256 connections
  Thread calibration: mean lat.: 1.838ms, rate sampling interval: 10ms
  Thread calibration: mean lat.: 1.541ms, rate sampling interval: 10ms
  Thread calibration: mean lat.: 1.640ms, rate sampling interval: 10ms
  Thread calibration: mean lat.: 1.680ms, rate sampling interval: 10ms
  Thread Stats   Avg      Stdev     Max   +/- Stdev
    Latency     1.41ms  748.18us  16.05ms   76.18%
    Req/Sec    52.75k     3.68k   68.89k    69.66%
  Latency Distribution (HdrHistogram - Recorded Latency)
 50.000%    1.31ms
 75.000%    1.81ms
 90.000%    2.28ms
 99.000%    2.98ms
 99.900%    9.64ms
 99.990%   14.90ms
 99.999%   15.56ms
100.000%   16.06ms

  Detailed Percentile spectrum:
       Value   Percentile   TotalCount 1/(1-Percentile)

       0.054     0.000000            1         1.00
       0.643     0.100000       994601         1.11
       0.841     0.200000      1992208         1.25
       1.004     0.300000      2980804         1.43
       1.158     0.400000      3975909         1.67
       1.314     0.500000      4972193         2.00
       1.396     0.550000      5466871         2.22
       1.483     0.600000      5961439         2.50
       1.580     0.650000      6462045         2.86
       1.688     0.700000      6958834         3.33
       1.807     0.750000      7455108         4.00
       1.871     0.775000      7702294         4.44
       1.939     0.800000      7950176         5.00
       2.012     0.825000      8198146         5.71
       2.091     0.850000      8445556         6.67
       2.179     0.875000      8696970         8.00
       2.225     0.887500      8818189         8.89
       2.275     0.900000      8943623        10.00
       2.329     0.912500      9069332        11.43
       2.387     0.925000      9193579        13.33
       2.451     0.937500      9315775        16.00
       2.487     0.943750      9377979        17.78
       2.527     0.950000      9441620        20.00
       2.569     0.956250      9502644        22.86
       2.617     0.962500      9565175        26.67
       2.671     0.968750      9627135        32.00
       2.701     0.971875      9657904        35.56
       2.733     0.975000      9687978        40.00
       2.769     0.978125      9718699        45.71
       2.811     0.981250      9749519        53.33
       2.861     0.984375      9780885        64.00
       2.891     0.985938      9796914        71.11
       2.923     0.987500      9812270        80.00
       2.959     0.989062      9827287        91.43
       3.003     0.990625      9842993       106.67
       3.057     0.992188      9858346       128.00
       3.089     0.992969      9865923       142.22
       3.129     0.993750      9873700       160.00
       3.181     0.994531      9881488       182.86
       3.257     0.995313      9889173       213.33
       3.425     0.996094      9896918       256.00
       3.639     0.996484      9900782       284.44
       4.017     0.996875      9904651       320.00
       4.683     0.997266      9908550       365.71
       5.495     0.997656      9912427       426.67
       6.403     0.998047      9916311       512.00
       7.043     0.998242      9918240       568.89
       7.759     0.998437      9920186       640.00
       8.479     0.998633      9922135       731.43
       9.039     0.998828      9924082       853.33
       9.743     0.999023      9926003      1024.00
      10.119     0.999121      9926968      1137.78
      10.495     0.999219      9927944      1280.00
      11.023     0.999316      9928918      1462.86
      11.671     0.999414      9929879      1706.67
      12.423     0.999512      9930850      2048.00
      12.783     0.999561      9931333      2275.56
      13.127     0.999609      9931821      2560.00
      13.607     0.999658      9932313      2925.71
      13.847     0.999707      9932795      3413.33
      14.007     0.999756      9933291      4096.00
      14.095     0.999780      9933530      4551.11
      14.191     0.999805      9933767      5120.00
      14.319     0.999829      9934004      5851.43
      14.503     0.999854      9934245      6826.67
      14.703     0.999878      9934490      8192.00
      14.823     0.999890      9934609      9102.22
      14.919     0.999902      9934730     10240.00
      15.007     0.999915      9934860     11702.86
      15.095     0.999927      9934976     13653.33
      15.175     0.999939      9935100     16384.00
      15.215     0.999945      9935173     18204.44
      15.247     0.999951      9935224     20480.00
      15.279     0.999957      9935284     23405.71
      15.311     0.999963      9935343     27306.67
      15.351     0.999969      9935400     32768.00
      15.375     0.999973      9935433     36408.89
      15.407     0.999976      9935460     40960.00
      15.439     0.999979      9935490     46811.43
      15.471     0.999982      9935521     54613.33
      15.503     0.999985      9935555     65536.00
      15.519     0.999986      9935569     72817.78
      15.535     0.999988      9935579     81920.00
      15.551     0.999989      9935594     93622.86
      15.567     0.999991      9935610    109226.67
      15.607     0.999992      9935627    131072.00
      15.631     0.999993      9935634    145635.56
      15.639     0.999994      9935640    163840.00
      15.663     0.999995      9935650    187245.71
      15.671     0.999995      9935655    218453.33
      15.695     0.999996      9935663    262144.00
      15.711     0.999997      9935665    291271.11
      15.735     0.999997      9935669    327680.00
      15.759     0.999997      9935674    374491.43
      15.775     0.999998      9935677    436906.67
      15.815     0.999998      9935684    524288.00
      15.815     0.999998      9935684    582542.22
      15.815     0.999998      9935684    655360.00
      15.831     0.999999      9935686    748982.86
      15.839     0.999999      9935688    873813.33
      15.863     0.999999      9935690   1048576.00
      15.871     0.999999      9935691   1165084.44
      15.879     0.999999      9935692   1310720.00
      15.895     0.999999      9935694   1497965.71
      15.895     0.999999      9935694   1747626.67
      15.927     1.000000      9935695   2097152.00
      15.927     1.000000      9935695   2330168.89
      15.983     1.000000      9935696   2621440.00
      15.983     1.000000      9935696   2995931.43
      16.015     1.000000      9935698   3495253.33
      16.015     1.000000      9935698   4194304.00
      16.015     1.000000      9935698   4660337.78
      16.015     1.000000      9935698   5242880.00
      16.015     1.000000      9935698   5991862.86
      16.015     1.000000      9935698   6990506.67
      16.015     1.000000      9935698   8388608.00
      16.015     1.000000      9935698   9320675.55
      16.055     1.000000      9935699  10485760.00
      16.055     1.000000      9935699          inf
#[Mean    =        1.410, StdDeviation   =        0.748]
#[Max     =       16.048, Total count    =      9935699]
#[Buckets =           27, SubBuckets     =         2048]
----------------------------------------------------------
  11840839 requests in 1.00m, 14.04GB read
Requests/sec: 197348.28
Transfer/sec:    239.59MB
