Running 1m test @ http://192.168.100.1:8080/exp1-1k.txt
  4 threads and 256 connections
  Thread calibration: mean lat.: 1.595ms, rate sampling interval: 10ms
  Thread calibration: mean lat.: 1.625ms, rate sampling interval: 10ms
  Thread calibration: mean lat.: 1.590ms, rate sampling interval: 10ms
  Thread calibration: mean lat.: 1.628ms, rate sampling interval: 10ms
  Thread Stats   Avg      Stdev     Max   +/- Stdev
    Latency     1.51ms  661.01us   8.42ms   66.76%
    Req/Sec    26.34k     1.94k   35.33k    72.73%
  Latency Distribution (HdrHistogram - Recorded Latency)
 50.000%    1.42ms
 75.000%    1.95ms
 90.000%    2.43ms
 99.000%    3.17ms
 99.900%    4.17ms
 99.990%    6.48ms
 99.999%    7.61ms
100.000%    8.43ms

  Detailed Percentile spectrum:
       Value   Percentile   TotalCount 1/(1-Percentile)

       0.089     0.000000            2         1.00
       0.714     0.100000       497717         1.11
       0.923     0.200000       994733         1.25
       1.097     0.300000      1490617         1.43
       1.260     0.400000      1987933         1.67
       1.425     0.500000      2485547         2.00
       1.513     0.550000      2734435         2.22
       1.607     0.600000      2981969         2.50
       1.709     0.650000      3229010         2.86
       1.821     0.700000      3477596         3.33
       1.946     0.750000      3725968         4.00
       2.014     0.775000      3850458         4.44
       2.087     0.800000      3976996         5.00
       2.161     0.825000      4098354         5.71
       2.243     0.850000      4223339         6.67
       2.331     0.875000      4347953         8.00
       2.377     0.887500      4408868         8.89
       2.429     0.900000      4472910        10.00
       2.483     0.912500      4534957        11.43
       2.541     0.925000      4595937        13.33
       2.609     0.937500      4658563        16.00
       2.645     0.943750      4688471        17.78
       2.687     0.950000      4720504        20.00
       2.731     0.956250      4750720        22.86
       2.783     0.962500      4781780        26.67
       2.843     0.968750      4812901        32.00
       2.877     0.971875      4828651        35.56
       2.913     0.975000      4843652        40.00
       2.955     0.978125      4859501        45.71
       2.999     0.981250      4874513        53.33
       3.051     0.984375      4890031        64.00
       3.081     0.985938      4897997        71.11
       3.113     0.987500      4905851        80.00
       3.149     0.989062      4913684        91.43
       3.189     0.990625      4921215       106.67
       3.237     0.992188      4928903       128.00
       3.265     0.992969      4932743       142.22
       3.299     0.993750      4936750       160.00
       3.335     0.994531      4940464       182.86
       3.379     0.995313      4944315       213.33
       3.435     0.996094      4948273       256.00
       3.467     0.996484      4950166       284.44
       3.505     0.996875      4952097       320.00
       3.549     0.997266      4954020       365.71
       3.603     0.997656      4956003       426.67
       3.675     0.998047      4957929       512.00
       3.723     0.998242      4958871       568.89
       3.787     0.998437      4959836       640.00
       3.873     0.998633      4960809       731.43
       3.999     0.998828      4961782       853.33
       4.199     0.999023      4962752      1024.00
       4.327     0.999121      4963251      1137.78
       4.459     0.999219      4963721      1280.00
       4.611     0.999316      4964209      1462.86
       4.771     0.999414      4964694      1706.67
       4.967     0.999512      4965172      2048.00
       5.107     0.999561      4965417      2275.56
       5.271     0.999609      4965657      2560.00
       5.443     0.999658      4965906      2925.71
       5.639     0.999707      4966145      3413.33
       5.843     0.999756      4966386      4096.00
       5.939     0.999780      4966507      4551.11
       6.031     0.999805      4966628      5120.00
       6.127     0.999829      4966753      5851.43
       6.227     0.999854      4966873      6826.67
       6.359     0.999878      4966991      8192.00
       6.419     0.999890      4967053      9102.22
       6.495     0.999902      4967115     10240.00
       6.587     0.999915      4967177     11702.86
       6.667     0.999927      4967234     13653.33
       6.795     0.999939      4967295     16384.00
       6.843     0.999945      4967326     18204.44
       6.943     0.999951      4967358     20480.00
       7.043     0.999957      4967386     23405.71
       7.111     0.999963      4967416     27306.67
       7.203     0.999969      4967446     32768.00
       7.279     0.999973      4967464     36408.89
       7.315     0.999976      4967476     40960.00
       7.367     0.999979      4967492     46811.43
       7.443     0.999982      4967507     54613.33
       7.503     0.999985      4967523     65536.00
       7.523     0.999986      4967530     72817.78
       7.559     0.999988      4967537     81920.00
       7.595     0.999989      4967545     93622.86
       7.635     0.999991      4967552    109226.67
       7.691     0.999992      4967560    131072.00
       7.707     0.999993      4967563    145635.56
       7.735     0.999994      4967567    163840.00
       7.755     0.999995      4967571    187245.71
       7.815     0.999995      4967575    218453.33
       7.911     0.999996      4967579    262144.00
       7.947     0.999997      4967580    291271.11
       7.951     0.999997      4967582    327680.00
       8.015     0.999997      4967584    374491.43
       8.055     0.999998      4967586    436906.67
       8.071     0.999998      4967588    524288.00
       8.103     0.999998      4967589    582542.22
       8.115     0.999998      4967590    655360.00
       8.179     0.999999      4967591    748982.86
       8.255     0.999999      4967592    873813.33
       8.271     0.999999      4967593   1048576.00
       8.271     0.999999      4967593   1165084.44
       8.343     0.999999      4967594   1310720.00
       8.343     0.999999      4967594   1497965.71
       8.399     0.999999      4967595   1747626.67
       8.399     1.000000      4967595   2097152.00
       8.399     1.000000      4967595   2330168.89
       8.407     1.000000      4967596   2621440.00
       8.407     1.000000      4967596   2995931.43
       8.407     1.000000      4967596   3495253.33
       8.407     1.000000      4967596   4194304.00
       8.407     1.000000      4967596   4660337.78
       8.431     1.000000      4967597   5242880.00
       8.431     1.000000      4967597          inf
#[Mean    =        1.511, StdDeviation   =        0.661]
#[Max     =        8.424, Total count    =      4967597]
#[Buckets =           27, SubBuckets     =         2048]
----------------------------------------------------------
  5941702 requests in 1.00m, 7.04GB read
Requests/sec:  99028.37
Transfer/sec:    120.22MB
