Running 1m test @ http://192.168.100.1:8080/exp1-1k.txt
  4 threads and 256 connections
  Thread calibration: mean lat.: 1.523ms, rate sampling interval: 10ms
  Thread calibration: mean lat.: 1.494ms, rate sampling interval: 10ms
  Thread calibration: mean lat.: 1.536ms, rate sampling interval: 10ms
  Thread calibration: mean lat.: 1.539ms, rate sampling interval: 10ms
  Thread Stats   Avg      Stdev     Max   +/- Stdev
    Latency     1.40ms  667.26us  11.75ms   68.28%
    Req/Sec    26.35k     1.78k   34.78k    73.13%
  Latency Distribution (HdrHistogram - Recorded Latency)
 50.000%    1.30ms
 75.000%    1.82ms
 90.000%    2.31ms
 99.000%    3.06ms
 99.900%    4.49ms
 99.990%   10.15ms
 99.999%   11.17ms
100.000%   11.76ms

  Detailed Percentile spectrum:
       Value   Percentile   TotalCount 1/(1-Percentile)

       0.088     0.000000            1         1.00
       0.622     0.100000       497957         1.11
       0.815     0.200000       993613         1.25
       0.979     0.300000      1492968         1.43
       1.135     0.400000      1988515         1.67
       1.302     0.500000      2485947         2.00
       1.393     0.550000      2734823         2.22
       1.489     0.600000      2981558         2.50
       1.593     0.650000      3229468         2.86
       1.705     0.700000      3479561         3.33
       1.824     0.750000      3726745         4.00
       1.888     0.775000      3850657         4.44
       1.957     0.800000      3974661         5.00
       2.032     0.825000      4098440         5.71
       2.115     0.850000      4224922         6.67
       2.203     0.875000      4346948         8.00
       2.253     0.887500      4410914         8.89
       2.305     0.900000      4473260        10.00
       2.359     0.912500      4533664        11.43
       2.421     0.925000      4596906        13.33
       2.489     0.937500      4657737        16.00
       2.527     0.943750      4688448        17.78
       2.569     0.950000      4719728        20.00
       2.615     0.956250      4751132        22.86
       2.665     0.962500      4781914        26.67
       2.723     0.968750      4813082        32.00
       2.755     0.971875      4828165        35.56
       2.793     0.975000      4844368        40.00
       2.833     0.978125      4859530        45.71
       2.879     0.981250      4874795        53.33
       2.933     0.984375      4890294        64.00
       2.965     0.985938      4898321        71.11
       2.997     0.987500      4905720        80.00
       3.035     0.989062      4913525        91.43
       3.079     0.990625      4921414       106.67
       3.129     0.992188      4929190       128.00
       3.157     0.992969      4932913       142.22
       3.189     0.993750      4936786       160.00
       3.227     0.994531      4940681       182.86
       3.273     0.995313      4944622       213.33
       3.331     0.996094      4948502       256.00
       3.367     0.996484      4950374       284.44
       3.411     0.996875      4952336       320.00
       3.463     0.997266      4954248       365.71
       3.531     0.997656      4956195       426.67
       3.623     0.998047      4958120       512.00
       3.687     0.998242      4959076       568.89
       3.785     0.998437      4960062       640.00
       3.937     0.998633      4961020       731.43
       4.179     0.998828      4961986       853.33
       4.543     0.999023      4962960      1024.00
       4.771     0.999121      4963444      1137.78
       5.031     0.999219      4963928      1280.00
       5.323     0.999316      4964412      1462.86
       5.675     0.999414      4964896      1706.67
       6.123     0.999512      4965382      2048.00
       6.399     0.999561      4965626      2275.56
       6.887     0.999609      4965867      2560.00
       7.607     0.999658      4966109      2925.71
       8.367     0.999707      4966353      3413.33
       8.999     0.999756      4966595      4096.00
       9.255     0.999780      4966716      4551.11
       9.503     0.999805      4966842      5120.00
       9.679     0.999829      4966961      5851.43
       9.871     0.999854      4967080      6826.67
      10.031     0.999878      4967207      8192.00
      10.087     0.999890      4967264      9102.22
      10.167     0.999902      4967323     10240.00
      10.239     0.999915      4967382     11702.86
      10.343     0.999927      4967450     13653.33
      10.463     0.999939      4967506     16384.00
      10.527     0.999945      4967535     18204.44
      10.591     0.999951      4967567     20480.00
      10.671     0.999957      4967594     23405.71
      10.751     0.999963      4967626     27306.67
      10.823     0.999969      4967655     32768.00
      10.871     0.999973      4967672     36408.89
      10.919     0.999976      4967686     40960.00
      10.975     0.999979      4967701     46811.43
      11.039     0.999982      4967720     54613.33
      11.079     0.999985      4967731     65536.00
      11.111     0.999986      4967741     72817.78
      11.135     0.999988      4967746     81920.00
      11.159     0.999989      4967755     93622.86
      11.183     0.999991      4967761    109226.67
      11.231     0.999992      4967769    131072.00
      11.271     0.999993      4967773    145635.56
      11.287     0.999994      4967776    163840.00
      11.319     0.999995      4967780    187245.71
      11.383     0.999995      4967785    218453.33
      11.407     0.999996      4967789    262144.00
      11.407     0.999997      4967789    291271.11
      11.431     0.999997      4967791    327680.00
      11.455     0.999997      4967794    374491.43
      11.471     0.999998      4967795    436906.67
      11.535     0.999998      4967798    524288.00
      11.535     0.999998      4967798    582542.22
      11.551     0.999998      4967799    655360.00
      11.559     0.999999      4967801    748982.86
      11.559     0.999999      4967801    873813.33
      11.567     0.999999      4967802   1048576.00
      11.567     0.999999      4967802   1165084.44
      11.607     0.999999      4967804   1310720.00
      11.607     0.999999      4967804   1497965.71
      11.607     0.999999      4967804   1747626.67
      11.607     1.000000      4967804   2097152.00
      11.607     1.000000      4967804   2330168.89
      11.647     1.000000      4967805   2621440.00
      11.647     1.000000      4967805   2995931.43
      11.647     1.000000      4967805   3495253.33
      11.647     1.000000      4967805   4194304.00
      11.647     1.000000      4967805   4660337.78
      11.759     1.000000      4967806   5242880.00
      11.759     1.000000      4967806          inf
#[Mean    =        1.399, StdDeviation   =        0.667]
#[Max     =       11.752, Total count    =      4967806]
#[Buckets =           27, SubBuckets     =         2048]
----------------------------------------------------------
  5962991 requests in 1.00m, 7.07GB read
Requests/sec:  99382.63
Transfer/sec:    120.65MB
