Running 1m test @ http://192.168.100.1:8080/exp1-1k.txt
  4 threads and 256 connections
  Thread calibration: mean lat.: 1.359ms, rate sampling interval: 10ms
  Thread calibration: mean lat.: 1.490ms, rate sampling interval: 10ms
  Thread calibration: mean lat.: 1.412ms, rate sampling interval: 10ms
  Thread calibration: mean lat.: 1.493ms, rate sampling interval: 10ms
  Thread Stats   Avg      Stdev     Max   +/- Stdev
    Latency     1.42ms  651.83us   7.48ms   66.65%
    Req/Sec    26.34k     1.76k   34.00k    73.30%
  Latency Distribution (HdrHistogram - Recorded Latency)
 50.000%    1.32ms
 75.000%    1.85ms
 90.000%    2.34ms
 99.000%    3.08ms
 99.900%    3.80ms
 99.990%    6.00ms
 99.999%    6.81ms
100.000%    7.48ms

  Detailed Percentile spectrum:
       Value   Percentile   TotalCount 1/(1-Percentile)

       0.089     0.000000            1         1.00
       0.641     0.100000       498890         1.11
       0.834     0.200000       993668         1.25
       0.997     0.300000      1491280         1.43
       1.154     0.400000      1988954         1.67
       1.321     0.500000      2483954         2.00
       1.412     0.550000      2733185         2.22
       1.509     0.600000      2981333         2.50
       1.614     0.650000      3229393         2.86
       1.727     0.700000      3477936         3.33
       1.850     0.750000      3727605         4.00
       1.916     0.775000      3851058         4.44
       1.987     0.800000      3974700         5.00
       2.063     0.825000      4098895         5.71
       2.145     0.850000      4223013         6.67
       2.235     0.875000      4347565         8.00
       2.283     0.887500      4409484         8.89
       2.335     0.900000      4472662        10.00
       2.389     0.912500      4534044        11.43
       2.449     0.925000      4595879        13.33
       2.517     0.937500      4658066        16.00
       2.555     0.943750      4689365        17.78
       2.597     0.950000      4720705        20.00
       2.641     0.956250      4750988        22.86
       2.691     0.962500      4781537        26.67
       2.749     0.968750      4812651        32.00
       2.783     0.971875      4828696        35.56
       2.819     0.975000      4844129        40.00
       2.859     0.978125      4859320        45.71
       2.905     0.981250      4875000        53.33
       2.957     0.984375      4890454        64.00
       2.985     0.985938      4897943        71.11
       3.019     0.987500      4906114        80.00
       3.053     0.989062      4913588        91.43
       3.093     0.990625      4921364       106.67
       3.139     0.992188      4929305       128.00
       3.165     0.992969      4933101       142.22
       3.193     0.993750      4936836       160.00
       3.227     0.994531      4940734       182.86
       3.267     0.995313      4944664       213.33
       3.313     0.996094      4948427       256.00
       3.341     0.996484      4950354       284.44
       3.373     0.996875      4952273       320.00
       3.411     0.997266      4954256       365.71
       3.457     0.997656      4956213       426.67
       3.515     0.998047      4958138       512.00
       3.549     0.998242      4959073       568.89
       3.591     0.998437      4960052       640.00
       3.641     0.998633      4961015       731.43
       3.713     0.998828      4961981       853.33
       3.813     0.999023      4962949      1024.00
       3.883     0.999121      4963431      1137.78
       3.971     0.999219      4963912      1280.00
       4.095     0.999316      4964395      1462.86
       4.283     0.999414      4964881      1706.67
       4.515     0.999512      4965367      2048.00
       4.667     0.999561      4965605      2275.56
       4.859     0.999609      4965849      2560.00
       5.031     0.999658      4966091      2925.71
       5.199     0.999707      4966335      3413.33
       5.387     0.999756      4966580      4096.00
       5.483     0.999780      4966701      4551.11
       5.551     0.999805      4966819      5120.00
       5.639     0.999829      4966943      5851.43
       5.767     0.999854      4967060      6826.67
       5.883     0.999878      4967182      8192.00
       5.947     0.999890      4967242      9102.22
       6.011     0.999902      4967304     10240.00
       6.079     0.999915      4967364     11702.86
       6.171     0.999927      4967425     13653.33
       6.279     0.999939      4967485     16384.00
       6.323     0.999945      4967517     18204.44
       6.355     0.999951      4967546     20480.00
       6.407     0.999957      4967575     23405.71
       6.463     0.999963      4967607     27306.67
       6.511     0.999969      4967638     32768.00
       6.547     0.999973      4967655     36408.89
       6.583     0.999976      4967668     40960.00
       6.607     0.999979      4967683     46811.43
       6.647     0.999982      4967697     54613.33
       6.687     0.999985      4967712     65536.00
       6.715     0.999986      4967719     72817.78
       6.755     0.999988      4967727     81920.00
       6.803     0.999989      4967736     93622.86
       6.887     0.999991      4967742    109226.67
       6.947     0.999992      4967750    131072.00
       6.975     0.999993      4967753    145635.56
       7.043     0.999994      4967757    163840.00
       7.071     0.999995      4967761    187245.71
       7.103     0.999995      4967766    218453.33
       7.115     0.999996      4967769    262144.00
       7.119     0.999997      4967770    291271.11
       7.139     0.999997      4967772    327680.00
       7.159     0.999997      4967774    374491.43
       7.167     0.999998      4967776    436906.67
       7.223     0.999998      4967778    524288.00
       7.263     0.999998      4967779    582542.22
       7.327     0.999998      4967780    655360.00
       7.331     0.999999      4967781    748982.86
       7.355     0.999999      4967782    873813.33
       7.371     0.999999      4967783   1048576.00
       7.371     0.999999      4967783   1165084.44
       7.395     0.999999      4967784   1310720.00
       7.395     0.999999      4967784   1497965.71
       7.463     0.999999      4967785   1747626.67
       7.463     1.000000      4967785   2097152.00
       7.463     1.000000      4967785   2330168.89
       7.471     1.000000      4967786   2621440.00
       7.471     1.000000      4967786   2995931.43
       7.471     1.000000      4967786   3495253.33
       7.471     1.000000      4967786   4194304.00
       7.471     1.000000      4967786   4660337.78
       7.479     1.000000      4967787   5242880.00
       7.479     1.000000      4967787          inf
#[Mean    =        1.418, StdDeviation   =        0.652]
#[Max     =        7.476, Total count    =      4967787]
#[Buckets =           27, SubBuckets     =         2048]
----------------------------------------------------------
  5962969 requests in 1.00m, 7.07GB read
Requests/sec:  99381.58
Transfer/sec:    120.65MB
