Running 1m test @ http://192.168.100.1:8080/exp1-1k.txt
  4 threads and 256 connections
  Thread calibration: mean lat.: 1.534ms, rate sampling interval: 10ms
  Thread calibration: mean lat.: 1.526ms, rate sampling interval: 10ms
  Thread calibration: mean lat.: 1.527ms, rate sampling interval: 10ms
  Thread calibration: mean lat.: 1.518ms, rate sampling interval: 10ms
  Thread Stats   Avg      Stdev     Max   +/- Stdev
    Latency     1.43ms  647.23us   8.13ms   66.52%
    Req/Sec    26.35k     1.76k   33.22k    72.73%
  Latency Distribution (HdrHistogram - Recorded Latency)
 50.000%    1.34ms
 75.000%    1.86ms
 90.000%    2.35ms
 99.000%    3.07ms
 99.900%    3.61ms
 99.990%    6.29ms
 99.999%    7.48ms
100.000%    8.14ms

  Detailed Percentile spectrum:
       Value   Percentile   TotalCount 1/(1-Percentile)

       0.079     0.000000            1         1.00
       0.654     0.100000       497208         1.11
       0.851     0.200000       995949         1.25
       1.014     0.300000      1492302         1.43
       1.170     0.400000      1987407         1.67
       1.337     0.500000      2484352         2.00
       1.427     0.550000      2732274         2.22
       1.524     0.600000      2980592         2.50
       1.628     0.650000      3229832         2.86
       1.739     0.700000      3477729         3.33
       1.861     0.750000      3727180         4.00
       1.927     0.775000      3851248         4.44
       1.998     0.800000      3975527         5.00
       2.073     0.825000      4098821         5.71
       2.155     0.850000      4222919         6.67
       2.245     0.875000      4347885         8.00
       2.293     0.887500      4409963         8.89
       2.345     0.900000      4472937        10.00
       2.399     0.912500      4533987        11.43
       2.459     0.925000      4596061        13.33
       2.527     0.937500      4658682        16.00
       2.563     0.943750      4689087        17.78
       2.603     0.950000      4720141        20.00
       2.647     0.956250      4751259        22.86
       2.695     0.962500      4781781        26.67
       2.753     0.968750      4813349        32.00
       2.783     0.971875      4827894        35.56
       2.819     0.975000      4843686        40.00
       2.859     0.978125      4859536        45.71
       2.903     0.981250      4874793        53.33
       2.953     0.984375      4889992        64.00
       2.983     0.985938      4898181        71.11
       3.013     0.987500      4905801        80.00
       3.047     0.989062      4913440        91.43
       3.085     0.990625      4921310       106.67
       3.127     0.992188      4928869       128.00
       3.153     0.992969      4932954       142.22
       3.179     0.993750      4936684       160.00
       3.209     0.994531      4940484       182.86
       3.245     0.995313      4944457       213.33
       3.285     0.996094      4948210       256.00
       3.311     0.996484      4950260       284.44
       3.339     0.996875      4952189       320.00
       3.369     0.997266      4954042       365.71
       3.407     0.997656      4956023       426.67
       3.449     0.998047      4957950       512.00
       3.473     0.998242      4958888       568.89
       3.503     0.998437      4959881       640.00
       3.535     0.998633      4960848       731.43
       3.571     0.998828      4961776       853.33
       3.619     0.999023      4962770      1024.00
       3.647     0.999121      4963249      1137.78
       3.681     0.999219      4963728      1280.00
       3.723     0.999316      4964217      1462.86
       3.781     0.999414      4964684      1706.67
       3.861     0.999512      4965166      2048.00
       3.915     0.999561      4965410      2275.56
       3.997     0.999609      4965654      2560.00
       4.107     0.999658      4965898      2925.71
       4.323     0.999707      4966136      3413.33
       4.771     0.999756      4966379      4096.00
       5.107     0.999780      4966499      4551.11
       5.403     0.999805      4966620      5120.00
       5.671     0.999829      4966742      5851.43
       5.923     0.999854      4966865      6826.67
       6.111     0.999878      4966984      8192.00
       6.207     0.999890      4967046      9102.22
       6.319     0.999902      4967110     10240.00
       6.411     0.999915      4967166     11702.86
       6.507     0.999927      4967227     13653.33
       6.627     0.999939      4967287     16384.00
       6.683     0.999945      4967318     18204.44
       6.723     0.999951      4967348     20480.00
       6.791     0.999957      4967379     23405.71
       6.875     0.999963      4967410     27306.67
       6.967     0.999969      4967439     32768.00
       7.011     0.999973      4967455     36408.89
       7.083     0.999976      4967470     40960.00
       7.147     0.999979      4967486     46811.43
       7.203     0.999982      4967500     54613.33
       7.279     0.999985      4967515     65536.00
       7.303     0.999986      4967522     72817.78
       7.391     0.999988      4967530     81920.00
       7.451     0.999989      4967537     93622.86
       7.519     0.999991      4967545    109226.67
       7.623     0.999992      4967553    131072.00
       7.651     0.999993      4967557    145635.56
       7.691     0.999994      4967560    163840.00
       7.731     0.999995      4967564    187245.71
       7.815     0.999995      4967568    218453.33
       7.843     0.999996      4967572    262144.00
       7.847     0.999997      4967574    291271.11
       7.863     0.999997      4967575    327680.00
       7.879     0.999997      4967577    374491.43
       7.895     0.999998      4967579    436906.67
       7.903     0.999998      4967581    524288.00
       7.927     0.999998      4967582    582542.22
       7.931     0.999998      4967583    655360.00
       7.939     0.999999      4967584    748982.86
       7.959     0.999999      4967585    873813.33
       7.975     0.999999      4967586   1048576.00
       7.975     0.999999      4967586   1165084.44
       7.991     0.999999      4967587   1310720.00
       7.991     0.999999      4967587   1497965.71
       8.059     0.999999      4967588   1747626.67
       8.059     1.000000      4967588   2097152.00
       8.059     1.000000      4967588   2330168.89
       8.079     1.000000      4967589   2621440.00
       8.079     1.000000      4967589   2995931.43
       8.079     1.000000      4967589   3495253.33
       8.079     1.000000      4967589   4194304.00
       8.079     1.000000      4967589   4660337.78
       8.135     1.000000      4967590   5242880.00
       8.135     1.000000      4967590          inf
#[Mean    =        1.430, StdDeviation   =        0.647]
#[Max     =        8.132, Total count    =      4967590]
#[Buckets =           27, SubBuckets     =         2048]
----------------------------------------------------------
  5962755 requests in 1.00m, 7.07GB read
Requests/sec:  99384.40
Transfer/sec:    120.65MB
