Running 1m test @ http://192.168.100.1:8080/exp1-1k.txt
  4 threads and 256 connections
  Thread calibration: mean lat.: 1.403ms, rate sampling interval: 10ms
  Thread calibration: mean lat.: 1.387ms, rate sampling interval: 10ms
  Thread calibration: mean lat.: 1.404ms, rate sampling interval: 10ms
  Thread calibration: mean lat.: 1.489ms, rate sampling interval: 10ms
  Thread Stats   Avg      Stdev     Max   +/- Stdev
    Latency     1.31ms  619.78us  11.48ms   67.67%
    Req/Sec    26.34k     1.65k   33.67k    70.26%
  Latency Distribution (HdrHistogram - Recorded Latency)
 50.000%    1.23ms
 75.000%    1.72ms
 90.000%    2.15ms
 99.000%    2.75ms
 99.900%    4.02ms
 99.990%   10.02ms
 99.999%   11.10ms
100.000%   11.49ms

  Detailed Percentile spectrum:
       Value   Percentile   TotalCount 1/(1-Percentile)

       0.088     0.000000            1         1.00
       0.581     0.100000       498797         1.11
       0.763     0.200000       995503         1.25
       0.921     0.300000      1491189         1.43
       1.070     0.400000      1988743         1.67
       1.227     0.500000      2484580         2.00
       1.313     0.550000      2732390         2.22
       1.405     0.600000      2980856         2.50
       1.504     0.650000      3230023         2.86
       1.609     0.700000      3479005         3.33
       1.720     0.750000      3727756         4.00
       1.778     0.775000      3850782         4.44
       1.839     0.800000      3974458         5.00
       1.905     0.825000      4099121         5.71
       1.978     0.850000      4223277         6.67
       2.059     0.875000      4347929         8.00
       2.103     0.887500      4410605         8.89
       2.149     0.900000      4472976        10.00
       2.197     0.912500      4534694        11.43
       2.247     0.925000      4595257        13.33
       2.305     0.937500      4659022        16.00
       2.335     0.943750      4689065        17.78
       2.369     0.950000      4720578        20.00
       2.405     0.956250      4751095        22.86
       2.447     0.962500      4782829        26.67
       2.493     0.968750      4812977        32.00
       2.519     0.971875      4828335        35.56
       2.547     0.975000      4843646        40.00
       2.579     0.978125      4859155        45.71
       2.615     0.981250      4874884        53.33
       2.655     0.984375      4890445        64.00
       2.679     0.985938      4898446        71.11
       2.703     0.987500      4905719        80.00
       2.733     0.989062      4913671        91.43
       2.767     0.990625      4921469       106.67
       2.809     0.992188      4929198       128.00
       2.833     0.992969      4932904       142.22
       2.863     0.993750      4936904       160.00
       2.897     0.994531      4940824       182.86
       2.935     0.995313      4944591       213.33
       2.985     0.996094      4948538       256.00
       3.013     0.996484      4950389       284.44
       3.047     0.996875      4952338       320.00
       3.087     0.997266      4954323       365.71
       3.133     0.997656      4956224       426.67
       3.193     0.998047      4958149       512.00
       3.229     0.998242      4959090       568.89
       3.285     0.998437      4960066       640.00
       3.365     0.998633      4961041       731.43
       3.531     0.998828      4962003       853.33
       4.155     0.999023      4962967      1024.00
       4.795     0.999121      4963451      1137.78
       5.375     0.999219      4963939      1280.00
       5.887     0.999316      4964421      1462.86
       6.339     0.999414      4964906      1706.67
       6.807     0.999512      4965391      2048.00
       7.047     0.999561      4965633      2275.56
       7.367     0.999609      4965877      2560.00
       7.707     0.999658      4966123      2925.71
       8.091     0.999707      4966361      3413.33
       8.511     0.999756      4966608      4096.00
       8.847     0.999780      4966727      4551.11
       9.127     0.999805      4966846      5120.00
       9.399     0.999829      4966969      5851.43
       9.647     0.999854      4967090      6826.67
       9.839     0.999878      4967214      8192.00
       9.943     0.999890      4967272      9102.22
      10.039     0.999902      4967334     10240.00
      10.143     0.999915      4967395     11702.86
      10.263     0.999927      4967453     13653.33
      10.383     0.999939      4967515     16384.00
      10.447     0.999945      4967548     18204.44
      10.495     0.999951      4967575     20480.00
      10.567     0.999957      4967605     23405.71
      10.663     0.999963      4967638     27306.67
      10.735     0.999969      4967668     32768.00
      10.767     0.999973      4967680     36408.89
      10.799     0.999976      4967697     40960.00
      10.839     0.999979      4967717     46811.43
      10.887     0.999982      4967729     54613.33
      10.927     0.999985      4967743     65536.00
      10.975     0.999986      4967748     72817.78
      11.047     0.999988      4967756     81920.00
      11.087     0.999989      4967763     93622.86
      11.119     0.999991      4967776    109226.67
      11.143     0.999992      4967783    131072.00
      11.143     0.999993      4967783    145635.56
      11.167     0.999994      4967787    163840.00
      11.191     0.999995      4967790    187245.71
      11.223     0.999995      4967794    218453.33
      11.247     0.999996      4967798    262144.00
      11.255     0.999997      4967799    291271.11
      11.279     0.999997      4967801    327680.00
      11.311     0.999997      4967803    374491.43
      11.375     0.999998      4967806    436906.67
      11.383     0.999998      4967807    524288.00
      11.391     0.999998      4967808    582542.22
      11.399     0.999998      4967809    655360.00
      11.407     0.999999      4967810    748982.86
      11.439     0.999999      4967812    873813.33
      11.439     0.999999      4967812   1048576.00
      11.439     0.999999      4967812   1165084.44
      11.455     0.999999      4967813   1310720.00
      11.455     0.999999      4967813   1497965.71
      11.463     0.999999      4967814   1747626.67
      11.463     1.000000      4967814   2097152.00
      11.463     1.000000      4967814   2330168.89
      11.471     1.000000      4967815   2621440.00
      11.471     1.000000      4967815   2995931.43
      11.471     1.000000      4967815   3495253.33
      11.471     1.000000      4967815   4194304.00
      11.471     1.000000      4967815   4660337.78
      11.487     1.000000      4967816   5242880.00
      11.487     1.000000      4967816          inf
#[Mean    =        1.310, StdDeviation   =        0.620]
#[Max     =       11.480, Total count    =      4967816]
#[Buckets =           27, SubBuckets     =         2048]
----------------------------------------------------------
  5984057 requests in 1.00m, 7.09GB read
Requests/sec:  99735.38
Transfer/sec:    121.08MB
