Running 1m test @ http://192.168.100.100:8080/exp1-1k.txt
  4 threads and 256 connections
  Thread calibration: mean lat.: 1.541ms, rate sampling interval: 10ms
  Thread calibration: mean lat.: 1.482ms, rate sampling interval: 10ms
  Thread calibration: mean lat.: 1.460ms, rate sampling interval: 10ms
  Thread calibration: mean lat.: 1.524ms, rate sampling interval: 10ms
  Thread Stats   Avg      Stdev     Max   +/- Stdev
    Latency     1.46ms  676.93us  12.59ms   70.40%
    Req/Sec    26.33k     1.98k   36.22k    72.83%
  Latency Distribution (HdrHistogram - Recorded Latency)
 50.000%    1.37ms
 75.000%    1.86ms
 90.000%    2.33ms
 99.000%    3.12ms
 99.900%    6.38ms
 99.990%   10.59ms
 99.999%   11.94ms
100.000%   12.60ms

  Detailed Percentile spectrum:
       Value   Percentile   TotalCount 1/(1-Percentile)

       0.087     0.000000            1         1.00
       0.684     0.100000       497138         1.11
       0.888     0.200000       994642         1.25
       1.054     0.300000      1492733         1.43
       1.209     0.400000      1989469         1.67
       1.366     0.500000      2484471         2.00
       1.449     0.550000      2733324         2.22
       1.537     0.600000      2980992         2.50
       1.634     0.650000      3230669         2.86
       1.739     0.700000      3478093         3.33
       1.857     0.750000      3727679         4.00
       1.922     0.775000      3851856         4.44
       1.991     0.800000      3974618         5.00
       2.067     0.825000      4099799         5.71
       2.147     0.850000      4222706         6.67
       2.237     0.875000      4349578         8.00
       2.283     0.887500      4409806         8.89
       2.333     0.900000      4471347        10.00
       2.389     0.912500      4534985        11.43
       2.449     0.925000      4596845        13.33
       2.517     0.937500      4658265        16.00
       2.555     0.943750      4689108        17.78
       2.597     0.950000      4720034        20.00
       2.643     0.956250      4750731        22.86
       2.697     0.962500      4782609        26.67
       2.757     0.968750      4812632        32.00
       2.793     0.971875      4828211        35.56
       2.833     0.975000      4843943        40.00
       2.877     0.978125      4859245        45.71
       2.929     0.981250      4875201        53.33
       2.987     0.984375      4890638        64.00
       3.019     0.985938      4897993        71.11
       3.057     0.987500      4906044        80.00
       3.097     0.989062      4913717        91.43
       3.145     0.990625      4921550       106.67
       3.203     0.992188      4929098       128.00
       3.239     0.992969      4933051       142.22
       3.283     0.993750      4936876       160.00
       3.335     0.994531      4940803       182.86
       3.401     0.995313      4944577       213.33
       3.497     0.996094      4948479       256.00
       3.565     0.996484      4950402       284.44
       3.653     0.996875      4952348       320.00
       3.787     0.997266      4954260       365.71
       4.047     0.997656      4956191       426.67
       4.551     0.998047      4958130       512.00
       4.871     0.998242      4959114       568.89
       5.207     0.998437      4960076       640.00
       5.583     0.998633      4961042       731.43
       5.995     0.998828      4962014       853.33
       6.435     0.999023      4962984      1024.00
       6.647     0.999121      4963470      1137.78
       6.879     0.999219      4963953      1280.00
       7.123     0.999316      4964448      1462.86
       7.387     0.999414      4964923      1706.67
       7.707     0.999512      4965408      2048.00
       7.887     0.999561      4965652      2275.56
       8.111     0.999609      4965893      2560.00
       8.471     0.999658      4966140      2925.71
       9.015     0.999707      4966380      3413.33
       9.551     0.999756      4966622      4096.00
       9.767     0.999780      4966741      4551.11
       9.975     0.999805      4966864      5120.00
      10.135     0.999829      4966988      5851.43
      10.279     0.999854      4967111      6826.67
      10.423     0.999878      4967231      8192.00
      10.511     0.999890      4967291      9102.22
      10.615     0.999902      4967348     10240.00
      10.727     0.999915      4967408     11702.86
      10.871     0.999927      4967471     13653.33
      11.071     0.999939      4967530     16384.00
      11.143     0.999945      4967560     18204.44
      11.207     0.999951      4967593     20480.00
      11.287     0.999957      4967620     23405.71
      11.391     0.999963      4967651     27306.67
      11.503     0.999969      4967682     32768.00
      11.551     0.999973      4967696     36408.89
      11.631     0.999976      4967713     40960.00
      11.679     0.999979      4967726     46811.43
      11.775     0.999982      4967742     54613.33
      11.815     0.999985      4967759     65536.00
      11.847     0.999986      4967764     72817.78
      11.895     0.999988      4967772     81920.00
      11.919     0.999989      4967779     93622.86
      11.959     0.999991      4967787    109226.67
      11.999     0.999992      4967797    131072.00
      12.015     0.999993      4967798    145635.56
      12.047     0.999994      4967802    163840.00
      12.087     0.999995      4967806    187245.71
      12.135     0.999995      4967810    218453.33
      12.199     0.999996      4967816    262144.00
      12.199     0.999997      4967816    291271.11
      12.207     0.999997      4967817    327680.00
      12.239     0.999997      4967819    374491.43
      12.263     0.999998      4967821    436906.67
      12.359     0.999998      4967823    524288.00
      12.375     0.999998      4967824    582542.22
      12.463     0.999998      4967825    655360.00
      12.471     0.999999      4967826    748982.86
      12.479     0.999999      4967827    873813.33
      12.511     0.999999      4967829   1048576.00
      12.511     0.999999      4967829   1165084.44
      12.511     0.999999      4967829   1310720.00
      12.511     0.999999      4967829   1497965.71
      12.551     0.999999      4967831   1747626.67
      12.551     1.000000      4967831   2097152.00
      12.551     1.000000      4967831   2330168.89
      12.551     1.000000      4967831   2621440.00
      12.551     1.000000      4967831   2995931.43
      12.551     1.000000      4967831   3495253.33
      12.551     1.000000      4967831   4194304.00
      12.551     1.000000      4967831   4660337.78
      12.599     1.000000      4967832   5242880.00
      12.599     1.000000      4967832          inf
#[Mean    =        1.455, StdDeviation   =        0.677]
#[Max     =       12.592, Total count    =      4967832]
#[Buckets =           27, SubBuckets     =         2048]
----------------------------------------------------------
  5941926 requests in 1.00m, 7.04GB read
Requests/sec:  99030.59
Transfer/sec:    120.23MB
