Running 1m test @ http://192.168.100.100:8080/exp1-1k.txt
  4 threads and 256 connections
  Thread calibration: mean lat.: 1.550ms, rate sampling interval: 10ms
  Thread calibration: mean lat.: 1.539ms, rate sampling interval: 10ms
  Thread calibration: mean lat.: 1.572ms, rate sampling interval: 10ms
  Thread calibration: mean lat.: 1.554ms, rate sampling interval: 10ms
  Thread Stats   Avg      Stdev     Max   +/- Stdev
    Latency     1.39ms  690.87us  14.09ms   71.29%
    Req/Sec    26.35k     1.74k   35.22k    71.75%
  Latency Distribution (HdrHistogram - Recorded Latency)
 50.000%    1.29ms
 75.000%    1.80ms
 90.000%    2.27ms
 99.000%    3.00ms
 99.900%    5.97ms
 99.990%   12.92ms
 99.999%   13.76ms
100.000%   14.10ms

  Detailed Percentile spectrum:
       Value   Percentile   TotalCount 1/(1-Percentile)

       0.081     0.000000            1         1.00
       0.624     0.100000       498864         1.11
       0.814     0.200000       994887         1.25
       0.977     0.300000      1492133         1.43
       1.132     0.400000      1989150         1.67
       1.295     0.500000      2484148         2.00
       1.383     0.550000      2732832         2.22
       1.477     0.600000      2981037         2.50
       1.579     0.650000      3230565         2.86
       1.688     0.700000      3479521         3.33
       1.804     0.750000      3726221         4.00
       1.867     0.775000      3850683         4.44
       1.934     0.800000      3974575         5.00
       2.007     0.825000      4099415         5.71
       2.085     0.850000      4222952         6.67
       2.171     0.875000      4347237         8.00
       2.217     0.887500      4409665         8.89
       2.267     0.900000      4473560        10.00
       2.317     0.912500      4533454        11.43
       2.375     0.925000      4597109        13.33
       2.437     0.937500      4658075        16.00
       2.473     0.943750      4689496        17.78
       2.511     0.950000      4719789        20.00
       2.553     0.956250      4750713        22.86
       2.601     0.962500      4782341        26.67
       2.655     0.968750      4813250        32.00
       2.687     0.971875      4829168        35.56
       2.721     0.975000      4844097        40.00
       2.761     0.978125      4859636        45.71
       2.809     0.981250      4875316        53.33
       2.863     0.984375      4890340        64.00
       2.895     0.985938      4898156        71.11
       2.931     0.987500      4906159        80.00
       2.971     0.989062      4913808        91.43
       3.015     0.990625      4921306       106.67
       3.069     0.992188      4929112       128.00
       3.099     0.992969      4933068       142.22
       3.131     0.993750      4936929       160.00
       3.167     0.994531      4940717       182.86
       3.213     0.995313      4944682       213.33
       3.269     0.996094      4948521       256.00
       3.303     0.996484      4950436       284.44
       3.343     0.996875      4952404       320.00
       3.393     0.997266      4954342       365.71
       3.457     0.997656      4956259       426.67
       3.543     0.998047      4958189       512.00
       3.603     0.998242      4959157       568.89
       3.687     0.998437      4960108       640.00
       3.845     0.998633      4961073       731.43
       4.291     0.998828      4962042       853.33
       6.347     0.999023      4963013      1024.00
       7.479     0.999121      4963497      1137.78
       8.583     0.999219      4963982      1280.00
       9.543     0.999316      4964473      1462.86
      10.287     0.999414      4964955      1706.67
      10.951     0.999512      4965444      2048.00
      11.215     0.999561      4965682      2275.56
      11.463     0.999609      4965927      2560.00
      11.719     0.999658      4966170      2925.71
      11.927     0.999707      4966408      3413.33
      12.183     0.999756      4966652      4096.00
      12.303     0.999780      4966783      4551.11
      12.407     0.999805      4966893      5120.00
      12.551     0.999829      4967015      5851.43
      12.679     0.999854      4967141      6826.67
      12.799     0.999878      4967257      8192.00
      12.879     0.999890      4967326      9102.22
      12.935     0.999902      4967381     10240.00
      13.015     0.999915      4967443     11702.86
      13.103     0.999927      4967505     13653.33
      13.199     0.999939      4967560     16384.00
      13.239     0.999945      4967592     18204.44
      13.303     0.999951      4967624     20480.00
      13.335     0.999957      4967652     23405.71
      13.391     0.999963      4967687     27306.67
      13.471     0.999969      4967714     32768.00
      13.503     0.999973      4967727     36408.89
      13.535     0.999976      4967744     40960.00
      13.559     0.999979      4967759     46811.43
      13.591     0.999982      4967775     54613.33
      13.647     0.999985      4967788     65536.00
      13.687     0.999986      4967795     72817.78
      13.727     0.999988      4967804     81920.00
      13.743     0.999989      4967810     93622.86
      13.783     0.999991      4967819    109226.67
      13.847     0.999992      4967826    131072.00
      13.871     0.999993      4967829    145635.56
      13.887     0.999994      4967833    163840.00
      13.935     0.999995      4967839    187245.71
      13.951     0.999995      4967842    218453.33
      13.959     0.999996      4967845    262144.00
      13.967     0.999997      4967847    291271.11
      13.975     0.999997      4967848    327680.00
      13.983     0.999997      4967851    374491.43
      13.991     0.999998      4967853    436906.67
      13.999     0.999998      4967855    524288.00
      13.999     0.999998      4967855    582542.22
      14.007     0.999998      4967856    655360.00
      14.015     0.999999      4967858    748982.86
      14.015     0.999999      4967858    873813.33
      14.039     0.999999      4967860   1048576.00
      14.039     0.999999      4967860   1165084.44
      14.039     0.999999      4967860   1310720.00
      14.039     0.999999      4967860   1497965.71
      14.063     0.999999      4967861   1747626.67
      14.063     1.000000      4967861   2097152.00
      14.063     1.000000      4967861   2330168.89
      14.079     1.000000      4967862   2621440.00
      14.079     1.000000      4967862   2995931.43
      14.079     1.000000      4967862   3495253.33
      14.079     1.000000      4967862   4194304.00
      14.079     1.000000      4967862   4660337.78
      14.095     1.000000      4967863   5242880.00
      14.095     1.000000      4967863          inf
#[Mean    =        1.389, StdDeviation   =        0.691]
#[Max     =       14.088, Total count    =      4967863]
#[Buckets =           27, SubBuckets     =         2048]
----------------------------------------------------------
  5962985 requests in 1.00m, 7.07GB read
Requests/sec:  99382.96
Transfer/sec:    120.65MB
