Running 1m test @ http://192.168.100.100:8080/exp1-1k.txt
  4 threads and 256 connections
  Thread calibration: mean lat.: 1.558ms, rate sampling interval: 10ms
  Thread calibration: mean lat.: 1.563ms, rate sampling interval: 10ms
  Thread calibration: mean lat.: 1.627ms, rate sampling interval: 10ms
  Thread calibration: mean lat.: 1.613ms, rate sampling interval: 10ms
  Thread Stats   Avg      Stdev     Max   +/- Stdev
    Latency     1.55ms  663.46us   9.38ms   66.47%
    Req/Sec    26.33k     1.95k   35.56k    72.26%
  Latency Distribution (HdrHistogram - Recorded Latency)
 50.000%    1.48ms
 75.000%    1.99ms
 90.000%    2.45ms
 99.000%    3.16ms
 99.900%    4.27ms
 99.990%    7.01ms
 99.999%    8.44ms
100.000%    9.39ms

  Detailed Percentile spectrum:
       Value   Percentile   TotalCount 1/(1-Percentile)

       0.092     0.000000            1         1.00
       0.727     0.100000       496804         1.11
       0.953     0.200000       993885         1.25
       1.141     0.300000      1492471         1.43
       1.312     0.400000      1989004         1.67
       1.482     0.500000      2485381         2.00
       1.572     0.550000      2734469         2.22
       1.666     0.600000      2981158         2.50
       1.768     0.650000      3231276         2.86
       1.876     0.700000      3479095         3.33
       1.994     0.750000      3727200         4.00
       2.057     0.775000      3850497         4.44
       2.125     0.800000      3976562         5.00
       2.197     0.825000      4101846         5.71
       2.273     0.850000      4224935         6.67
       2.355     0.875000      4347126         8.00
       2.401     0.887500      4410956         8.89
       2.449     0.900000      4473523        10.00
       2.499     0.912500      4533785        11.43
       2.557     0.925000      4597145        13.33
       2.619     0.937500      4657549        16.00
       2.655     0.943750      4688930        17.78
       2.695     0.950000      4720550        20.00
       2.737     0.956250      4750737        22.86
       2.787     0.962500      4782438        26.67
       2.843     0.968750      4812649        32.00
       2.877     0.971875      4829020        35.56
       2.911     0.975000      4843728        40.00
       2.951     0.978125      4859486        45.71
       2.995     0.981250      4875035        53.33
       3.045     0.984375      4890543        64.00
       3.073     0.985938      4898460        71.11
       3.103     0.987500      4906149        80.00
       3.137     0.989062      4913789        91.43
       3.177     0.990625      4921477       106.67
       3.225     0.992188      4929290       128.00
       3.253     0.992969      4933149       142.22
       3.285     0.993750      4936924       160.00
       3.323     0.994531      4940889       182.86
       3.367     0.995313      4944741       213.33
       3.421     0.996094      4948570       256.00
       3.451     0.996484      4950427       284.44
       3.489     0.996875      4952392       320.00
       3.533     0.997266      4954298       365.71
       3.591     0.997656      4956268       426.67
       3.669     0.998047      4958200       512.00
       3.723     0.998242      4959147       568.89
       3.787     0.998437      4960128       640.00
       3.885     0.998633      4961088       731.43
       4.039     0.998828      4962059       853.33
       4.311     0.999023      4963036      1024.00
       4.495     0.999121      4963514      1137.78
       4.699     0.999219      4963998      1280.00
       4.919     0.999316      4964486      1462.86
       5.119     0.999414      4964973      1706.67
       5.359     0.999512      4965452      2048.00
       5.499     0.999561      4965694      2275.56
       5.679     0.999609      4965938      2560.00
       5.843     0.999658      4966186      2925.71
       6.027     0.999707      4966422      3413.33
       6.239     0.999756      4966669      4096.00
       6.371     0.999780      4966790      4551.11
       6.503     0.999805      4966908      5120.00
       6.603     0.999829      4967031      5851.43
       6.727     0.999854      4967153      6826.67
       6.863     0.999878      4967272      8192.00
       6.947     0.999890      4967333      9102.22
       7.031     0.999902      4967394     10240.00
       7.131     0.999915      4967454     11702.86
       7.255     0.999927      4967514     13653.33
       7.399     0.999939      4967575     16384.00
       7.527     0.999945      4967606     18204.44
       7.591     0.999951      4967635     20480.00
       7.723     0.999957      4967666     23405.71
       7.851     0.999963      4967696     27306.67
       7.999     0.999969      4967726     32768.00
       8.019     0.999973      4967741     36408.89
       8.091     0.999976      4967758     40960.00
       8.183     0.999979      4967772     46811.43
       8.255     0.999982      4967787     54613.33
       8.327     0.999985      4967802     65536.00
       8.359     0.999986      4967809     72817.78
       8.383     0.999988      4967818     81920.00
       8.423     0.999989      4967824     93622.86
       8.479     0.999991      4967832    109226.67
       8.535     0.999992      4967840    131072.00
       8.567     0.999993      4967843    145635.56
       8.591     0.999994      4967848    163840.00
       8.623     0.999995      4967852    187245.71
       8.695     0.999995      4967856    218453.33
       8.743     0.999996      4967859    262144.00
       8.751     0.999997      4967860    291271.11
       8.823     0.999997      4967862    327680.00
       8.855     0.999997      4967864    374491.43
       8.967     0.999998      4967866    436906.67
       8.975     0.999998      4967868    524288.00
       9.031     0.999998      4967869    582542.22
       9.047     0.999998      4967870    655360.00
       9.071     0.999999      4967871    748982.86
       9.095     0.999999      4967872    873813.33
       9.135     0.999999      4967873   1048576.00
       9.135     0.999999      4967873   1165084.44
       9.183     0.999999      4967874   1310720.00
       9.183     0.999999      4967874   1497965.71
       9.191     0.999999      4967875   1747626.67
       9.191     1.000000      4967875   2097152.00
       9.191     1.000000      4967875   2330168.89
       9.255     1.000000      4967876   2621440.00
       9.255     1.000000      4967876   2995931.43
       9.255     1.000000      4967876   3495253.33
       9.255     1.000000      4967876   4194304.00
       9.255     1.000000      4967876   4660337.78
       9.391     1.000000      4967877   5242880.00
       9.391     1.000000      4967877          inf
#[Mean    =        1.548, StdDeviation   =        0.663]
#[Max     =        9.384, Total count    =      4967877]
#[Buckets =           27, SubBuckets     =         2048]
----------------------------------------------------------
  5941991 requests in 1.00m, 7.04GB read
Requests/sec:  99030.68
Transfer/sec:    120.23MB
