Running 1m test @ http://192.168.100.100:8080/exp1-1k.txt
  4 threads and 256 connections
  Thread calibration: mean lat.: 1.479ms, rate sampling interval: 10ms
  Thread calibration: mean lat.: 1.485ms, rate sampling interval: 10ms
  Thread calibration: mean lat.: 1.489ms, rate sampling interval: 10ms
  Thread calibration: mean lat.: 1.523ms, rate sampling interval: 10ms
  Thread Stats   Avg      Stdev     Max   +/- Stdev
    Latency     1.47ms  725.82us  15.38ms   72.27%
    Req/Sec    26.34k     1.93k   36.56k    72.48%
  Latency Distribution (HdrHistogram - Recorded Latency)
 50.000%    1.37ms
 75.000%    1.88ms
 90.000%    2.38ms
 99.000%    3.17ms
 99.900%    7.49ms
 99.990%   13.80ms
 99.999%   14.94ms
100.000%   15.38ms

  Detailed Percentile spectrum:
       Value   Percentile   TotalCount 1/(1-Percentile)

       0.083     0.000000            1         1.00
       0.675     0.100000       497907         1.11
       0.878     0.200000       995804         1.25
       1.047     0.300000      1491543         1.43
       1.208     0.400000      1989439         1.67
       1.371     0.500000      2484396         2.00
       1.458     0.550000      2732832         2.22
       1.551     0.600000      2981709         2.50
       1.652     0.650000      3230341         2.86
       1.762     0.700000      3478689         3.33
       1.884     0.750000      3726027         4.00
       1.952     0.775000      3851520         4.44
       2.024     0.800000      3975416         5.00
       2.103     0.825000      4100986         5.71
       2.187     0.850000      4224994         6.67
       2.279     0.875000      4348748         8.00
       2.329     0.887500      4410642         8.89
       2.381     0.900000      4471712        10.00
       2.439     0.912500      4534707        11.43
       2.501     0.925000      4596225        13.33
       2.571     0.937500      4658251        16.00
       2.611     0.943750      4689797        17.78
       2.653     0.950000      4720412        20.00
       2.699     0.956250      4750745        22.86
       2.753     0.962500      4782018        26.67
       2.815     0.968750      4813020        32.00
       2.851     0.971875      4828830        35.56
       2.889     0.975000      4843702        40.00
       2.933     0.978125      4859383        45.71
       2.983     0.981250      4875183        53.33
       3.039     0.984375      4890438        64.00
       3.071     0.985938      4898123        71.11
       3.107     0.987500      4905915        80.00
       3.147     0.989062      4913630        91.43
       3.195     0.990625      4921308       106.67
       3.255     0.992188      4929135       128.00
       3.291     0.992969      4933009       142.22
       3.333     0.993750      4936843       160.00
       3.387     0.994531      4940752       182.86
       3.455     0.995313      4944578       213.33
       3.549     0.996094      4948386       256.00
       3.615     0.996484      4950366       284.44
       3.713     0.996875      4952301       320.00
       3.899     0.997266      4954209       365.71
       4.319     0.997656      4956148       426.67
       5.151     0.998047      4958096       512.00
       5.643     0.998242      4959067       568.89
       6.111     0.998437      4960032       640.00
       6.647     0.998633      4961001       731.43
       7.103     0.998828      4961975       853.33
       7.531     0.999023      4962940      1024.00
       7.823     0.999121      4963427      1137.78
       8.135     0.999219      4963912      1280.00
       8.599     0.999316      4964399      1462.86
       9.095     0.999414      4964889      1706.67
       9.631     0.999512      4965369      2048.00
       9.927     0.999561      4965612      2275.56
      10.431     0.999609      4965850      2560.00
      11.023     0.999658      4966093      2925.71
      11.743     0.999707      4966336      3413.33
      12.399     0.999756      4966579      4096.00
      12.719     0.999780      4966703      4551.11
      12.943     0.999805      4966827      5120.00
      13.199     0.999829      4966944      5851.43
      13.399     0.999854      4967063      6826.67
      13.623     0.999878      4967185      8192.00
      13.735     0.999890      4967249      9102.22
      13.823     0.999902      4967310     10240.00
      13.895     0.999915      4967371     11702.86
      14.007     0.999927      4967429     13653.33
      14.135     0.999939      4967487     16384.00
      14.223     0.999945      4967519     18204.44
      14.287     0.999951      4967548     20480.00
      14.367     0.999957      4967578     23405.71
      14.479     0.999963      4967610     27306.67
      14.551     0.999969      4967642     32768.00
      14.599     0.999973      4967658     36408.89
      14.639     0.999976      4967671     40960.00
      14.679     0.999979      4967685     46811.43
      14.743     0.999982      4967701     54613.33
      14.807     0.999985      4967716     65536.00
      14.847     0.999986      4967724     72817.78
      14.895     0.999988      4967730     81920.00
      14.919     0.999989      4967737     93622.86
      14.943     0.999991      4967745    109226.67
      14.999     0.999992      4967753    131072.00
      15.007     0.999993      4967757    145635.56
      15.039     0.999994      4967761    163840.00
      15.087     0.999995      4967764    187245.71
      15.103     0.999995      4967770    218453.33
      15.111     0.999996      4967772    262144.00
      15.119     0.999997      4967773    291271.11
      15.167     0.999997      4967777    327680.00
      15.167     0.999997      4967777    374491.43
      15.183     0.999998      4967779    436906.67
      15.199     0.999998      4967781    524288.00
      15.215     0.999998      4967782    582542.22
      15.223     0.999998      4967783    655360.00
      15.231     0.999999      4967784    748982.86
      15.263     0.999999      4967786    873813.33
      15.263     0.999999      4967786   1048576.00
      15.263     0.999999      4967786   1165084.44
      15.271     0.999999      4967788   1310720.00
      15.271     0.999999      4967788   1497965.71
      15.271     0.999999      4967788   1747626.67
      15.271     1.000000      4967788   2097152.00
      15.271     1.000000      4967788   2330168.89
      15.367     1.000000      4967789   2621440.00
      15.367     1.000000      4967789   2995931.43
      15.367     1.000000      4967789   3495253.33
      15.367     1.000000      4967789   4194304.00
      15.367     1.000000      4967789   4660337.78
      15.383     1.000000      4967790   5242880.00
      15.383     1.000000      4967790          inf
#[Mean    =        1.471, StdDeviation   =        0.726]
#[Max     =       15.376, Total count    =      4967790]
#[Buckets =           27, SubBuckets     =         2048]
----------------------------------------------------------
  5941917 requests in 1.00m, 7.04GB read
Requests/sec:  99031.04
Transfer/sec:    120.23MB
