Running 1m test @ http://192.168.100.100:8080/exp1-1k.txt
  4 threads and 256 connections
  Thread calibration: mean lat.: 1.485ms, rate sampling interval: 10ms
  Thread calibration: mean lat.: 1.489ms, rate sampling interval: 10ms
  Thread calibration: mean lat.: 1.473ms, rate sampling interval: 10ms
  Thread calibration: mean lat.: 1.485ms, rate sampling interval: 10ms
  Thread Stats   Avg      Stdev     Max   +/- Stdev
    Latency     1.50ms  667.90us   7.24ms   66.89%
    Req/Sec    26.33k     1.92k   34.78k    73.06%
  Latency Distribution (HdrHistogram - Recorded Latency)
 50.000%    1.40ms
 75.000%    1.93ms
 90.000%    2.44ms
 99.000%    3.20ms
 99.900%    3.89ms
 99.990%    5.97ms
 99.999%    6.80ms
100.000%    7.25ms

  Detailed Percentile spectrum:
       Value   Percentile   TotalCount 1/(1-Percentile)

       0.087     0.000000            1         1.00
       0.703     0.100000       497501         1.11
       0.908     0.200000       995673         1.25
       1.079     0.300000      1492321         1.43
       1.240     0.400000      1988161         1.67
       1.404     0.500000      2485998         2.00
       1.491     0.550000      2732661         2.22
       1.586     0.600000      2981622         2.50
       1.690     0.650000      3230785         2.86
       1.804     0.700000      3478112         3.33
       1.932     0.750000      3726288         4.00
       2.003     0.775000      3851094         4.44
       2.079     0.800000      3977060         5.00
       2.159     0.825000      4101202         5.71
       2.245     0.850000      4224430         6.67
       2.339     0.875000      4348367         8.00
       2.389     0.887500      4409625         8.89
       2.443     0.900000      4471598        10.00
       2.501     0.912500      4533519        11.43
       2.567     0.925000      4596869        13.33
       2.639     0.937500      4658760        16.00
       2.679     0.943750      4689744        17.78
       2.721     0.950000      4720167        20.00
       2.769     0.956250      4751316        22.86
       2.821     0.962500      4781681        26.67
       2.881     0.968750      4812587        32.00
       2.915     0.971875      4828245        35.56
       2.953     0.975000      4844168        40.00
       2.993     0.978125      4859519        45.71
       3.037     0.981250      4874964        53.33
       3.087     0.984375      4890490        64.00
       3.115     0.985938      4898191        71.11
       3.147     0.987500      4906182        80.00
       3.181     0.989062      4913706        91.43
       3.221     0.990625      4921527       106.67
       3.267     0.992188      4929281       128.00
       3.293     0.992969      4932993       142.22
       3.323     0.993750      4936799       160.00
       3.359     0.994531      4940806       182.86
       3.399     0.995313      4944688       213.33
       3.445     0.996094      4948537       256.00
       3.471     0.996484      4950407       284.44
       3.501     0.996875      4952384       320.00
       3.535     0.997266      4954269       365.71
       3.577     0.997656      4956201       426.67
       3.627     0.998047      4958138       512.00
       3.659     0.998242      4959092       568.89
       3.699     0.998437      4960063       640.00
       3.751     0.998633      4961029       731.43
       3.819     0.998828      4962029       853.33
       3.903     0.999023      4962968      1024.00
       3.969     0.999121      4963465      1137.78
       4.047     0.999219      4963938      1280.00
       4.163     0.999316      4964428      1462.86
       4.319     0.999414      4964912      1706.67
       4.547     0.999512      4965398      2048.00
       4.679     0.999561      4965645      2275.56
       4.843     0.999609      4965878      2560.00
       4.991     0.999658      4966121      2925.71
       5.167     0.999707      4966367      3413.33
       5.363     0.999756      4966609      4096.00
       5.447     0.999780      4966729      4551.11
       5.539     0.999805      4966848      5120.00
       5.639     0.999829      4966975      5851.43
       5.759     0.999854      4967093      6826.67
       5.887     0.999878      4967215      8192.00
       5.935     0.999890      4967277      9102.22
       5.987     0.999902      4967338     10240.00
       6.051     0.999915      4967396     11702.86
       6.115     0.999927      4967456     13653.33
       6.187     0.999939      4967518     16384.00
       6.227     0.999945      4967547     18204.44
       6.287     0.999951      4967577     20480.00
       6.343     0.999957      4967609     23405.71
       6.411     0.999963      4967638     27306.67
       6.459     0.999969      4967669     32768.00
       6.479     0.999973      4967682     36408.89
       6.511     0.999976      4967697     40960.00
       6.559     0.999979      4967712     46811.43
       6.611     0.999982      4967728     54613.33
       6.675     0.999985      4967743     65536.00
       6.699     0.999986      4967751     72817.78
       6.735     0.999988      4967758     81920.00
       6.791     0.999989      4967766     93622.86
       6.819     0.999991      4967774    109226.67
       6.855     0.999992      4967781    131072.00
       6.871     0.999993      4967784    145635.56
       6.883     0.999994      4967788    163840.00
       6.911     0.999995      4967794    187245.71
       6.923     0.999995      4967798    218453.33
       6.935     0.999996      4967800    262144.00
       6.939     0.999997      4967801    291271.11
       6.983     0.999997      4967803    327680.00
       7.019     0.999997      4967807    374491.43
       7.019     0.999998      4967807    436906.67
       7.051     0.999998      4967809    524288.00
       7.063     0.999998      4967810    582542.22
       7.115     0.999998      4967811    655360.00
       7.119     0.999999      4967812    748982.86
       7.123     0.999999      4967813    873813.33
       7.131     0.999999      4967814   1048576.00
       7.131     0.999999      4967814   1165084.44
       7.155     0.999999      4967815   1310720.00
       7.155     0.999999      4967815   1497965.71
       7.203     0.999999      4967816   1747626.67
       7.203     1.000000      4967816   2097152.00
       7.203     1.000000      4967816   2330168.89
       7.243     1.000000      4967817   2621440.00
       7.243     1.000000      4967817   2995931.43
       7.243     1.000000      4967817   3495253.33
       7.243     1.000000      4967817   4194304.00
       7.243     1.000000      4967817   4660337.78
       7.247     1.000000      4967818   5242880.00
       7.247     1.000000      4967818          inf
#[Mean    =        1.500, StdDeviation   =        0.668]
#[Max     =        7.244, Total count    =      4967818]
#[Buckets =           27, SubBuckets     =         2048]
----------------------------------------------------------
  5962975 requests in 1.00m, 7.07GB read
Requests/sec:  99381.58
Transfer/sec:    120.65MB
