Running 1m test @ http://192.168.100.1:8080/exp1-1k.txt
  4 threads and 256 connections
  Thread calibration: mean lat.: 318.421ms, rate sampling interval: 1162ms
  Thread calibration: mean lat.: 204.437ms, rate sampling interval: 850ms
  Thread calibration: mean lat.: 307.581ms, rate sampling interval: 1201ms
  Thread calibration: mean lat.: 338.636ms, rate sampling interval: 1385ms
  Thread Stats   Avg      Stdev     Max   +/- Stdev
    Latency     2.29s   992.82ms   5.24s    59.90%
    Req/Sec    70.06k     1.71k   73.06k    70.45%
  Latency Distribution (HdrHistogram - Recorded Latency)
 50.000%    2.27s 
 75.000%    3.12s 
 90.000%    3.63s 
 99.000%    4.29s 
 99.900%    4.76s 
 99.990%    5.10s 
 99.999%    5.22s 
100.000%    5.25s 

  Detailed Percentile spectrum:
       Value   Percentile   TotalCount 1/(1-Percentile)

     260.479     0.000000            2         1.00
     945.151     0.100000      1392702         1.11
    1281.023     0.200000      2784054         1.25
    1615.871     0.300000      4177777         1.43
    1939.455     0.400000      5567669         1.67
    2269.183     0.500000      6961650         2.00
    2435.071     0.550000      7660867         2.22
    2603.007     0.600000      8349266         2.50
    2779.135     0.650000      9045907         2.86
    2951.167     0.700000      9744824         3.33
    3117.055     0.750000     10441496         4.00
    3192.831     0.775000     10783107         4.44
    3272.703     0.800000     11138131         5.00
    3350.527     0.825000     11483762         5.71
    3432.447     0.850000     11828525         6.67
    3520.511     0.875000     12175667         8.00
    3571.711     0.887500     12349510         8.89
    3627.007     0.900000     12522437        10.00
    3682.303     0.912500     12697913        11.43
    3741.695     0.925000     12874635        13.33
    3803.135     0.937500     13045774        16.00
    3839.999     0.943750     13135625        17.78
    3876.863     0.950000     13219375        20.00
    3917.823     0.956250     13304940        22.86
    3969.023     0.962500     13393202        26.67
    4018.175     0.968750     13478565        32.00
    4044.799     0.971875     13522076        35.56
    4073.471     0.975000     13566961        40.00
    4108.287     0.978125     13611626        45.71
    4141.055     0.981250     13652516        53.33
    4190.207     0.984375     13696860        64.00
    4218.879     0.985938     13719705        71.11
    4247.551     0.987500     13741601        80.00
    4272.127     0.989062     13761516        91.43
    4304.895     0.990625     13783937       106.67
    4349.951     0.992188     13804745       128.00
    4378.623     0.992969     13817372       142.22
    4399.103     0.993750     13826634       160.00
    4431.871     0.994531     13837583       182.86
    4472.831     0.995313     13848676       213.33
    4513.791     0.996094     13859378       256.00
    4538.367     0.996484     13864681       284.44
    4567.039     0.996875     13869737       320.00
    4612.095     0.997266     13875717       365.71
    4657.151     0.997656     13880869       426.67
    4689.919     0.998047     13886378       512.00
    4698.111     0.998242     13889072       568.89
    4714.495     0.998437     13892515       640.00
    4722.687     0.998633     13894706       731.43
    4739.071     0.998828     13897772       853.33
    4759.551     0.999023     13899717      1024.00
    4780.031     0.999121     13900998      1137.78
    4808.703     0.999219     13902681      1280.00
    4820.991     0.999316     13903695      1462.86
    4853.759     0.999414     13905110      1706.67
    4886.527     0.999512     13906445      2048.00
    4890.623     0.999561     13907165      2275.56
    4902.911     0.999609     13908007      2560.00
    4911.103     0.999658     13908846      2925.71
    4919.295     0.999707     13909190      3413.33
    4952.063     0.999756     13909881      4096.00
    4972.543     0.999780     13910148      4551.11
    5001.215     0.999805     13910891      5120.00
    5001.215     0.999829     13910891      5851.43
    5005.311     0.999854     13911203      6826.67
    5062.655     0.999878     13911507      8192.00
    5079.039     0.999890     13911671      9102.22
    5103.615     0.999902     13911840     10240.00
    5128.191     0.999915     13911995     11702.86
    5160.959     0.999927     13912171     13653.33
    5181.439     0.999939     13912354     16384.00
    5185.535     0.999945     13912544     18204.44
    5185.535     0.999951     13912544     20480.00
    5189.631     0.999957     13912840     23405.71
    5189.631     0.999963     13912840     27306.67
    5189.631     0.999969     13912840     32768.00
    5189.631     0.999973     13912840     36408.89
    5189.631     0.999976     13912840     40960.00
    5193.727     0.999979     13912938     46811.43
    5193.727     0.999982     13912938     54613.33
    5197.823     0.999985     13912975     65536.00
    5201.919     0.999986     13912992     72817.78
    5210.111     0.999988     13913019     81920.00
    5214.207     0.999989     13913037     93622.86
    5218.303     0.999991     13913054    109226.67
    5226.495     0.999992     13913092    131072.00
    5226.495     0.999993     13913092    145635.56
    5230.591     0.999994     13913115    163840.00
    5230.591     0.999995     13913115    187245.71
    5234.687     0.999995     13913137    218453.33
    5234.687     0.999996     13913137    262144.00
    5234.687     0.999997     13913137    291271.11
    5234.687     0.999997     13913137    327680.00
    5238.783     0.999997     13913160    374491.43
    5238.783     0.999998     13913160    436906.67
    5238.783     0.999998     13913160    524288.00
    5238.783     0.999998     13913160    582542.22
    5238.783     0.999998     13913160    655360.00
    5242.879     0.999999     13913175    748982.86
    5242.879     0.999999     13913175    873813.33
    5242.879     0.999999     13913175   1048576.00
    5242.879     0.999999     13913175   1165084.44
    5242.879     0.999999     13913175   1310720.00
    5242.879     0.999999     13913175   1497965.71
    5242.879     0.999999     13913175   1747626.67
    5242.879     1.000000     13913175   2097152.00
    5242.879     1.000000     13913175   2330168.89
    5242.879     1.000000     13913175   2621440.00
    5242.879     1.000000     13913175   2995931.43
    5246.975     1.000000     13913179   3495253.33
    5246.975     1.000000     13913179          inf
#[Mean    =     2291.045, StdDeviation   =      992.824]
#[Max     =     5242.880, Total count    =     13913179]
#[Buckets =           27, SubBuckets     =         2048]
----------------------------------------------------------
  16710752 requests in 1.00m, 19.81GB read
Requests/sec: 278509.38
Transfer/sec:    338.12MB
