Running 1m test @ http://192.168.100.1:8080/exp1-1k.txt
  4 threads and 256 connections
  Thread calibration: mean lat.: 352.659ms, rate sampling interval: 1313ms
  Thread calibration: mean lat.: 340.530ms, rate sampling interval: 1236ms
  Thread calibration: mean lat.: 373.057ms, rate sampling interval: 1417ms
  Thread calibration: mean lat.: 335.424ms, rate sampling interval: 1264ms
  Thread Stats   Avg      Stdev     Max   +/- Stdev
    Latency     2.36s   983.37ms   4.99s    59.52%
    Req/Sec    70.02k     1.69k   73.17k    65.56%
  Latency Distribution (HdrHistogram - Recorded Latency)
 50.000%    2.33s 
 75.000%    3.17s 
 90.000%    3.72s 
 99.000%    4.25s 
 99.900%    4.51s 
 99.990%    4.92s 
 99.999%    4.98s 
100.000%    5.00s 

  Detailed Percentile spectrum:
       Value   Percentile   TotalCount 1/(1-Percentile)

     390.655     0.000000            1         1.00
    1040.383     0.100000      1392005         1.11
    1363.967     0.200000      2782943         1.25
    1690.623     0.300000      4176558         1.43
    2020.351     0.400000      5567889         1.67
    2330.623     0.500000      6959798         2.00
    2496.511     0.550000      7651553         2.22
    2654.207     0.600000      8351818         2.50
    2830.335     0.650000      9048493         2.86
    2994.175     0.700000      9741520         3.33
    3174.399     0.750000     10439891         4.00
    3262.463     0.775000     10785548         4.44
    3348.479     0.800000     11127574         5.00
    3438.591     0.825000     11478115         5.71
    3520.511     0.850000     11825057         6.67
    3612.671     0.875000     12171582         8.00
    3661.823     0.887500     12346389         8.89
    3715.071     0.900000     12520074        10.00
    3766.271     0.912500     12696487        11.43
    3827.711     0.925000     12866540        13.33
    3889.151     0.937500     13040135        16.00
    3923.967     0.943750     13129729        17.78
    3958.783     0.950000     13215035        20.00
    3991.551     0.956250     13302041        22.86
    4028.415     0.962500     13388360        26.67
    4067.327     0.968750     13476268        32.00
    4087.807     0.971875     13519430        35.56
    4108.287     0.975000     13564358        40.00
    4134.911     0.978125     13605997        45.71
    4157.439     0.981250     13650361        53.33
    4188.159     0.984375     13692343        64.00
    4206.591     0.985938     13715992        71.11
    4222.975     0.987500     13740521        80.00
    4239.359     0.989062     13760122        91.43
    4259.839     0.990625     13781926       106.67
    4280.319     0.992188     13802708       128.00
    4292.607     0.992969     13812110       142.22
    4308.991     0.993750     13823769       160.00
    4325.375     0.994531     13833667       182.86
    4345.855     0.995313     13845117       213.33
    4370.431     0.996094     13857222       256.00
    4382.719     0.996484     13860980       284.44
    4399.103     0.996875     13867386       320.00
    4411.391     0.997266     13871887       365.71
    4427.775     0.997656     13877048       426.67
    4444.159     0.998047     13882595       512.00
    4460.543     0.998242     13885050       568.89
    4472.831     0.998437     13887765       640.00
    4485.119     0.998633     13890707       731.43
    4497.407     0.998828     13893052       853.33
    4517.887     0.999023     13896329      1024.00
    4530.175     0.999121     13897633      1137.78
    4538.367     0.999219     13898448      1280.00
    4562.943     0.999316     13899923      1462.86
    4591.615     0.999414     13901125      1706.67
    4648.959     0.999512     13902570      2048.00
    4673.535     0.999561     13903612      2275.56
    4685.823     0.999609     13903850      2560.00
    4726.783     0.999658     13904508      2925.71
    4771.839     0.999707     13905168      3413.33
    4825.087     0.999756     13905851      4096.00
    4849.663     0.999780     13906274      4551.11
    4866.047     0.999805     13906838      5120.00
    4870.143     0.999829     13906891      5851.43
    4894.719     0.999854     13907217      6826.67
    4911.103     0.999878     13907692      8192.00
    4915.199     0.999890     13907867      9102.22
    4919.295     0.999902     13907944     10240.00
    4943.871     0.999915     13908079     11702.86
    4956.159     0.999927     13908358     13653.33
    4964.351     0.999939     13908411     16384.00
    4968.447     0.999945     13908700     18204.44
    4968.447     0.999951     13908700     20480.00
    4968.447     0.999957     13908700     23405.71
    4972.543     0.999963     13908999     27306.67
    4972.543     0.999969     13908999     32768.00
    4972.543     0.999973     13908999     36408.89
    4972.543     0.999976     13908999     40960.00
    4972.543     0.999979     13908999     46811.43
    4972.543     0.999982     13908999     54613.33
    4980.735     0.999985     13909153     65536.00
    4980.735     0.999986     13909153     72817.78
    4980.735     0.999988     13909153     81920.00
    4980.735     0.999989     13909153     93622.86
    4980.735     0.999991     13909153    109226.67
    4980.735     0.999992     13909153    131072.00
    4980.735     0.999993     13909153    145635.56
    4984.831     0.999994     13909182    163840.00
    4984.831     0.999995     13909182    187245.71
    4984.831     0.999995     13909182    218453.33
    4988.927     0.999996     13909203    262144.00
    4988.927     0.999997     13909203    291271.11
    4988.927     0.999997     13909203    327680.00
    4993.023     0.999997     13909228    374491.43
    4993.023     0.999998     13909228    436906.67
    4993.023     0.999998     13909228    524288.00
    4993.023     0.999998     13909228    582542.22
    4993.023     0.999998     13909228    655360.00
    4993.023     0.999999     13909228    748982.86
    4993.023     0.999999     13909228    873813.33
    4993.023     0.999999     13909228   1048576.00
    4997.119     0.999999     13909241   1165084.44
    4997.119     1.000000     13909241          inf
#[Mean    =     2360.278, StdDeviation   =      983.375]
#[Max     =     4993.024, Total count    =     13909241]
#[Buckets =           27, SubBuckets     =         2048]
----------------------------------------------------------
  16746656 requests in 1.00m, 19.85GB read
Requests/sec: 279111.34
Transfer/sec:    338.85MB
