Running 1m test @ http://192.168.100.1:8080/exp1-1k.txt
  4 threads and 256 connections
  Thread calibration: mean lat.: 316.179ms, rate sampling interval: 1242ms
  Thread calibration: mean lat.: 271.813ms, rate sampling interval: 1158ms
  Thread calibration: mean lat.: 327.984ms, rate sampling interval: 1270ms
  Thread calibration: mean lat.: 374.015ms, rate sampling interval: 1347ms
  Thread Stats   Avg      Stdev     Max   +/- Stdev
    Latency     2.41s     1.03s    5.07s    59.87%
    Req/Sec    69.84k     1.67k   72.68k    64.33%
  Latency Distribution (HdrHistogram - Recorded Latency)
 50.000%    2.40s 
 75.000%    3.24s 
 90.000%    3.82s 
 99.000%    4.45s 
 99.900%    4.77s 
 99.990%    4.95s 
 99.999%    5.07s 
100.000%    5.08s 

  Detailed Percentile spectrum:
       Value   Percentile   TotalCount 1/(1-Percentile)

     362.751     0.000000            3         1.00
    1015.295     0.100000      1388150         1.11
    1372.159     0.200000      2777029         1.25
    1713.151     0.300000      4162052         1.43
    2053.119     0.400000      5551686         1.67
    2398.207     0.500000      6938306         2.00
    2559.999     0.550000      7633141         2.22
    2715.647     0.600000      8330123         2.50
    2883.583     0.650000      9016896         2.86
    3065.855     0.700000      9716499         3.33
    3241.983     0.750000     10408724         4.00
    3336.191     0.775000     10755614         4.44
    3428.351     0.800000     11097101         5.00
    3522.559     0.825000     11451024         5.71
    3616.767     0.850000     11793131         6.67
    3717.119     0.875000     12138363         8.00
    3768.319     0.887500     12311667         8.89
    3823.615     0.900000     12490717        10.00
    3883.007     0.912500     12663541        11.43
    3940.351     0.925000     12835004        13.33
    4005.887     0.937500     13009986        16.00
    4038.655     0.943750     13091629        17.78
    4075.519     0.950000     13179656        20.00
    4118.527     0.956250     13268086        22.86
    4161.535     0.962500     13351664        26.67
    4210.687     0.968750     13440326        32.00
    4239.359     0.971875     13486140        35.56
    4268.031     0.975000     13524625        40.00
    4300.799     0.978125     13573117        45.71
    4333.567     0.981250     13615703        53.33
    4366.335     0.984375     13654404        64.00
    4390.911     0.985938     13679281        71.11
    4411.391     0.987500     13698436        80.00
    4435.967     0.989062     13721751        91.43
    4460.543     0.990625     13745863       106.67
    4485.119     0.992188     13762789       128.00
    4505.599     0.992969     13773941       142.22
    4530.175     0.993750     13786222       160.00
    4546.559     0.994531     13796767       182.86
    4567.039     0.995313     13806172       213.33
    4591.615     0.996094     13817007       256.00
    4607.999     0.996484     13823257       284.44
    4620.287     0.996875     13827793       320.00
    4636.671     0.997266     13833995       365.71
    4657.151     0.997656     13839122       426.67
    4681.727     0.998047     13844147       512.00
    4694.015     0.998242     13847029       568.89
    4706.303     0.998437     13849520       640.00
    4726.783     0.998633     13852687       731.43
    4747.263     0.998828     13854940       853.33
    4767.743     0.999023     13857629      1024.00
    4780.031     0.999121     13859348      1137.78
    4792.319     0.999219     13860566      1280.00
    4804.607     0.999316     13861881      1462.86
    4816.895     0.999414     13863301      1706.67
    4833.279     0.999512     13865032      2048.00
    4837.375     0.999561     13865523      2275.56
    4841.471     0.999609     13866206      2560.00
    4845.567     0.999658     13866926      2925.71
    4849.663     0.999707     13867151      3413.33
    4861.951     0.999756     13867848      4096.00
    4870.143     0.999780     13868371      4551.11
    4874.239     0.999805     13868891      5120.00
    4874.239     0.999829     13868891      5851.43
    4886.527     0.999854     13869103      6826.67
    4919.295     0.999878     13869459      8192.00
    4935.679     0.999890     13869636      9102.22
    4952.063     0.999902     13869813     10240.00
    4964.351     0.999915     13869954     11702.86
    4980.735     0.999927     13870147     13653.33
    5005.311     0.999939     13870311     16384.00
    5017.599     0.999945     13870393     18204.44
    5029.887     0.999951     13870471     20480.00
    5042.175     0.999957     13870546     23405.71
    5054.463     0.999963     13870630     27306.67
    5066.751     0.999969     13870710     32768.00
    5074.943     0.999973     13871028     36408.89
    5074.943     0.999976     13871028     40960.00
    5074.943     0.999979     13871028     46811.43
    5074.943     0.999982     13871028     54613.33
    5074.943     0.999985     13871028     65536.00
    5074.943     0.999986     13871028     72817.78
    5074.943     0.999988     13871028     81920.00
    5074.943     0.999989     13871028     93622.86
    5074.943     0.999991     13871028    109226.67
    5074.943     0.999992     13871028    131072.00
    5079.039     0.999993     13871131    145635.56
    5079.039     1.000000     13871131          inf
#[Mean    =     2410.202, StdDeviation   =     1026.004]
#[Max     =     5074.944, Total count    =     13871131]
#[Buckets =           27, SubBuckets     =         2048]
----------------------------------------------------------
  16591224 requests in 1.00m, 19.67GB read
Requests/sec: 276521.64
Transfer/sec:    335.70MB
