Running 1m test @ http://192.168.100.1:8080/exp1-1k.txt
  4 threads and 256 connections
  Thread calibration: mean lat.: 287.680ms, rate sampling interval: 1020ms
  Thread calibration: mean lat.: 348.518ms, rate sampling interval: 1506ms
  Thread calibration: mean lat.: 296.557ms, rate sampling interval: 1195ms
  Thread calibration: mean lat.: 276.426ms, rate sampling interval: 1072ms
  Thread Stats   Avg      Stdev     Max   +/- Stdev
    Latency     2.43s     1.04s    5.12s    59.51%
    Req/Sec    69.72k     1.87k   72.60k    69.46%
  Latency Distribution (HdrHistogram - Recorded Latency)
 50.000%    2.42s 
 75.000%    3.27s 
 90.000%    3.86s 
 99.000%    4.50s 
 99.900%    4.78s 
 99.990%    4.99s 
 99.999%    5.11s 
100.000%    5.12s 

  Detailed Percentile spectrum:
       Value   Percentile   TotalCount 1/(1-Percentile)

     377.599     0.000000            7         1.00
    1021.951     0.100000      1385561         1.11
    1354.751     0.200000      2771694         1.25
    1728.511     0.300000      4158271         1.43
    2065.407     0.400000      5542238         1.67
    2416.639     0.500000      6934218         2.00
    2582.527     0.550000      7621323         2.22
    2750.463     0.600000      8316156         2.50
    2912.255     0.650000      9011332         2.86
    3082.239     0.700000      9698888         3.33
    3266.559     0.750000     10394991         4.00
    3362.815     0.775000     10738505         4.44
    3461.119     0.800000     11088405         5.00
    3561.471     0.825000     11434439         5.71
    3659.775     0.850000     11780306         6.67
    3760.127     0.875000     12124651         8.00
    3811.327     0.887500     12296214         8.89
    3862.527     0.900000     12469585        10.00
    3919.871     0.912500     12644260        11.43
    3979.263     0.925000     12818025        13.33
    4044.799     0.937500     12993039        16.00
    4079.615     0.943750     13076878        17.78
    4120.575     0.950000     13163891        20.00
    4165.631     0.956250     13251658        22.86
    4206.591     0.962500     13336639        26.67
    4255.743     0.968750     13423639        32.00
    4284.415     0.971875     13466388        35.56
    4313.087     0.975000     13510197        40.00
    4345.855     0.978125     13552539        45.71
    4382.719     0.981250     13598296        53.33
    4419.583     0.984375     13639768        64.00
    4444.159     0.985938     13663851        71.11
    4464.639     0.987500     13684049        80.00
    4485.119     0.989062     13703791        91.43
    4505.599     0.990625     13727980       106.67
    4530.175     0.992188     13747432       128.00
    4550.655     0.992969     13758727       142.22
    4567.039     0.993750     13769113       160.00
    4583.423     0.994531     13779980       182.86
    4599.807     0.995313     13789865       213.33
    4624.383     0.996094     13802819       256.00
    4632.575     0.996484     13806864       284.44
    4644.863     0.996875     13812719       320.00
    4657.151     0.997266     13816976       365.71
    4677.631     0.997656     13822074       426.67
    4702.207     0.998047     13828176       512.00
    4714.495     0.998242     13830672       568.89
    4726.783     0.998437     13833506       640.00
    4739.071     0.998633     13835939       731.43
    4759.551     0.998828     13838570       853.33
    4780.031     0.999023     13841085      1024.00
    4796.415     0.999121     13842477      1137.78
    4808.703     0.999219     13844459      1280.00
    4816.895     0.999316     13845030      1462.86
    4833.279     0.999414     13846354      1706.67
    4857.855     0.999512     13847866      2048.00
    4866.047     0.999561     13848373      2275.56
    4874.239     0.999609     13849371      2560.00
    4878.335     0.999658     13850011      2925.71
    4886.527     0.999707     13850617      3413.33
    4911.103     0.999756     13851207      4096.00
    4915.199     0.999780     13851408      4551.11
    4923.391     0.999805     13851745      5120.00
    4935.679     0.999829     13852241      5851.43
    4939.775     0.999854     13852404      6826.67
    4968.447     0.999878     13852749      8192.00
    4980.735     0.999890     13852913      9102.22
    4993.023     0.999902     13853058     10240.00
    5005.311     0.999915     13853220     11702.86
    5021.695     0.999927     13853438     13653.33
    5033.983     0.999939     13853579     16384.00
    5042.175     0.999945     13853687     18204.44
    5046.271     0.999951     13853730     20480.00
    5054.463     0.999957     13853819     23405.71
    5066.751     0.999963     13853899     27306.67
    5083.135     0.999969     13853998     32768.00
    5087.231     0.999973     13854025     36408.89
    5095.423     0.999976     13854077     40960.00
    5099.519     0.999979     13854107     46811.43
    5107.711     0.999982     13854159     54613.33
    5111.807     0.999985     13854365     65536.00
    5111.807     0.999986     13854365     72817.78
    5111.807     0.999988     13854365     81920.00
    5111.807     0.999989     13854365     93622.86
    5111.807     0.999991     13854365    109226.67
    5111.807     0.999992     13854365    131072.00
    5111.807     0.999993     13854365    145635.56
    5111.807     0.999994     13854365    163840.00
    5111.807     0.999995     13854365    187245.71
    5111.807     0.999995     13854365    218453.33
    5111.807     0.999996     13854365    262144.00
    5111.807     0.999997     13854365    291271.11
    5111.807     0.999997     13854365    327680.00
    5115.903     0.999997     13854397    374491.43
    5115.903     0.999998     13854397    436906.67
    5115.903     0.999998     13854397    524288.00
    5115.903     0.999998     13854397    582542.22
    5115.903     0.999998     13854397    655360.00
    5115.903     0.999999     13854397    748982.86
    5115.903     0.999999     13854397    873813.33
    5115.903     0.999999     13854397   1048576.00
    5115.903     0.999999     13854397   1165084.44
    5115.903     0.999999     13854397   1310720.00
    5115.903     0.999999     13854397   1497965.71
    5115.903     0.999999     13854397   1747626.67
    5115.903     1.000000     13854397   2097152.00
    5115.903     1.000000     13854397   2330168.89
    5115.903     1.000000     13854397   2621440.00
    5119.999     1.000000     13854402   2995931.43
    5119.999     1.000000     13854402          inf
#[Mean    =     2426.931, StdDeviation   =     1044.271]
#[Max     =     5115.904, Total count    =     13854402]
#[Buckets =           27, SubBuckets     =         2048]
----------------------------------------------------------
  16640980 requests in 1.00m, 19.73GB read
Requests/sec: 277351.89
Transfer/sec:    336.71MB
