Running 1m test @ http://192.168.100.1:8080/exp1-1k.txt
  4 threads and 256 connections
  Thread calibration: mean lat.: 266.982ms, rate sampling interval: 1053ms
  Thread calibration: mean lat.: 396.505ms, rate sampling interval: 1561ms
  Thread calibration: mean lat.: 213.091ms, rate sampling interval: 898ms
  Thread calibration: mean lat.: 300.725ms, rate sampling interval: 1145ms
  Thread Stats   Avg      Stdev     Max   +/- Stdev
    Latency     2.35s     1.04s    4.98s    58.65%
    Req/Sec    69.84k     1.70k   73.46k    68.18%
  Latency Distribution (HdrHistogram - Recorded Latency)
 50.000%    2.36s 
 75.000%    3.22s 
 90.000%    3.74s 
 99.000%    4.33s 
 99.900%    4.65s 
 99.990%    4.89s 
 99.999%    4.96s 
100.000%    4.99s 

  Detailed Percentile spectrum:
       Value   Percentile   TotalCount 1/(1-Percentile)

     311.551     0.000000            1         1.00
     937.471     0.100000      1389416         1.11
    1276.927     0.200000      2776849         1.25
    1648.639     0.300000      4166378         1.43
    2007.039     0.400000      5553149         1.67
    2361.343     0.500000      6941855         2.00
    2537.471     0.550000      7636640         2.22
    2711.551     0.600000      8333110         2.50
    2879.487     0.650000      9027801         2.86
    3051.519     0.700000      9714629         3.33
    3223.551     0.750000     10407396         4.00
    3309.567     0.775000     10761258         4.44
    3397.631     0.800000     11104163         5.00
    3485.695     0.825000     11451708         5.71
    3569.663     0.850000     11795904         6.67
    3653.631     0.875000     12146193         8.00
    3698.687     0.887500     12320416         8.89
    3741.695     0.900000     12494120        10.00
    3788.799     0.912500     12662873        11.43
    3839.999     0.925000     12837457        13.33
    3897.343     0.937500     13008696        16.00
    3928.063     0.943750     13096716        17.78
    3964.927     0.950000     13183753        20.00
    4001.791     0.956250     13272070        22.86
    4042.751     0.962500     13356366        26.67
    4085.759     0.968750     13443502        32.00
    4110.335     0.971875     13488386        35.56
    4136.959     0.975000     13529351        40.00
    4165.631     0.978125     13574829        45.71
    4206.591     0.981250     13617517        53.33
    4239.359     0.984375     13659348        64.00
    4263.935     0.985938     13681383        71.11
    4288.511     0.987500     13705456        80.00
    4313.087     0.989062     13726872        91.43
    4337.663     0.990625     13747410       106.67
    4366.335     0.992188     13769621       128.00
    4382.719     0.992969     13780542       142.22
    4395.007     0.993750     13789066       160.00
    4411.391     0.994531     13800417       182.86
    4435.967     0.995313     13811310       213.33
    4460.543     0.996094     13822149       256.00
    4472.831     0.996484     13827801       284.44
    4489.215     0.996875     13832437       320.00
    4509.695     0.997266     13838437       365.71
    4526.079     0.997656     13843356       426.67
    4550.655     0.998047     13849399       512.00
    4567.039     0.998242     13851452       568.89
    4583.423     0.998437     13854266       640.00
    4599.807     0.998633     13857002       731.43
    4628.479     0.998828     13859988       853.33
    4653.055     0.999023     13862185      1024.00
    4661.247     0.999121     13863633      1137.78
    4669.439     0.999219     13864869      1280.00
    4685.823     0.999316     13866362      1462.86
    4706.303     0.999414     13867589      1706.67
    4734.975     0.999512     13868995      2048.00
    4767.743     0.999561     13869740      2275.56
    4804.607     0.999609     13870455      2560.00
    4820.991     0.999658     13870980      2925.71
    4837.375     0.999707     13871669      3413.33
    4845.567     0.999756     13872501      4096.00
    4857.855     0.999780     13872990      4551.11
    4861.951     0.999805     13873809      5120.00
    4861.951     0.999829     13873809      5851.43
    4861.951     0.999854     13873809      6826.67
    4866.047     0.999878     13874086      8192.00
    4882.431     0.999890     13874189      9102.22
    4894.719     0.999902     13874439     10240.00
    4898.815     0.999915     13874558     11702.86
    4919.295     0.999927     13874697     13653.33
    4931.583     0.999939     13875014     16384.00
    4931.583     0.999945     13875014     18204.44
    4935.679     0.999951     13875243     20480.00
    4935.679     0.999957     13875243     23405.71
    4935.679     0.999963     13875243     27306.67
    4943.871     0.999969     13875289     32768.00
    4952.063     0.999973     13875493     36408.89
    4952.063     0.999976     13875493     40960.00
    4952.063     0.999979     13875493     46811.43
    4952.063     0.999982     13875493     54613.33
    4956.159     0.999985     13875516     65536.00
    4960.255     0.999986     13875554     72817.78
    4960.255     0.999988     13875554     81920.00
    4964.351     0.999989     13875579     93622.86
    4968.447     0.999991     13875602    109226.67
    4968.447     0.999992     13875602    131072.00
    4972.543     0.999993     13875626    145635.56
    4972.543     0.999994     13875626    163840.00
    4976.639     0.999995     13875648    187245.71
    4976.639     0.999995     13875648    218453.33
    4980.735     0.999996     13875671    262144.00
    4980.735     0.999997     13875671    291271.11
    4980.735     0.999997     13875671    327680.00
    4980.735     0.999997     13875671    374491.43
    4984.831     0.999998     13875695    436906.67
    4984.831     0.999998     13875695    524288.00
    4984.831     0.999998     13875695    582542.22
    4984.831     0.999998     13875695    655360.00
    4984.831     0.999999     13875695    748982.86
    4984.831     0.999999     13875695    873813.33
    4984.831     0.999999     13875695   1048576.00
    4988.927     0.999999     13875707   1165084.44
    4988.927     1.000000     13875707          inf
#[Mean    =     2352.417, StdDeviation   =     1036.130]
#[Max     =     4984.832, Total count    =     13875707]
#[Buckets =           27, SubBuckets     =         2048]
----------------------------------------------------------
  16673098 requests in 1.00m, 19.77GB read
Requests/sec: 277885.99
Transfer/sec:    337.36MB
