Running 1m test @ http://192.168.100.1:8080/exp1-1k.txt
  4 threads and 256 connections
  Thread calibration: mean lat.: 947.958ms, rate sampling interval: 3727ms
  Thread calibration: mean lat.: 824.737ms, rate sampling interval: 3278ms
  Thread calibration: mean lat.: 860.667ms, rate sampling interval: 3401ms
  Thread calibration: mean lat.: 848.959ms, rate sampling interval: 3108ms
  Thread Stats   Avg      Stdev     Max   +/- Stdev
    Latency     6.94s     2.92s   12.69s    57.75%
    Req/Sec    69.71k     1.10k   71.49k    59.65%
  Latency Distribution (HdrHistogram - Recorded Latency)
 50.000%    6.93s 
 75.000%    9.48s 
 90.000%   10.98s 
 99.000%   11.98s 
 99.900%   12.34s 
 99.990%   12.57s 
 99.999%   12.66s 
100.000%   12.70s 

  Detailed Percentile spectrum:
       Value   Percentile   TotalCount 1/(1-Percentile)

    1618.943     0.000000            2         1.00
    2902.015     0.100000      1385802         1.11
    3903.487     0.200000      2772535         1.25
    4911.103     0.300000      4158080         1.43
    5914.623     0.400000      5543110         1.67
    6926.335     0.500000      6933005         2.00
    7421.951     0.550000      7623282         2.22
    7938.047     0.600000      8313875         2.50
    8454.143     0.650000      9008639         2.86
    8978.431     0.700000      9706582         3.33
    9478.143     0.750000     10397058         4.00
    9732.095     0.775000     10747561         4.44
    9986.047     0.800000     11091093         5.00
   10231.807     0.825000     11438712         5.71
   10477.567     0.850000     11786627         6.67
   10731.519     0.875000     12133680         8.00
   10854.399     0.887500     12303319         8.89
   10977.279     0.900000     12475140        10.00
   11100.159     0.912500     12645822        11.43
   11231.231     0.925000     12826093        13.33
   11354.111     0.937500     12993623        16.00
   11419.647     0.943750     13081748        17.78
   11485.183     0.950000     13169622        20.00
   11550.719     0.956250     13257644        22.86
   11616.255     0.962500     13343145        26.67
   11681.791     0.968750     13425253        32.00
   11722.751     0.971875     13473738        35.56
   11755.519     0.975000     13510555        40.00
   11796.479     0.978125     13554845        45.71
   11837.439     0.981250     13597447        53.33
   11886.591     0.984375     13646121        64.00
   11911.167     0.985938     13668449        71.11
   11935.743     0.987500     13688261        80.00
   11960.319     0.989062     13707183        91.43
   11993.087     0.990625     13730455       106.67
   12025.855     0.992188     13752354       128.00
   12042.239     0.992969     13761421       142.22
   12066.815     0.993750     13773599       160.00
   12083.199     0.994531     13780795       182.86
   12107.775     0.995313     13791723       213.33
   12140.543     0.996094     13803780       256.00
   12156.927     0.996484     13808614       284.44
   12181.503     0.996875     13814993       320.00
   12197.887     0.997266     13819141       365.71
   12222.463     0.997656     13825262       426.67
   12247.039     0.998047     13829986       512.00
   12263.423     0.998242     13832839       568.89
   12279.807     0.998437     13835604       640.00
   12296.191     0.998633     13838168       731.43
   12312.575     0.998828     13840370       853.33
   12337.151     0.999023     13843239      1024.00
   12353.535     0.999121     13844806      1137.78
   12361.727     0.999219     13845465      1280.00
   12386.303     0.999316     13847202      1462.86
   12402.687     0.999414     13848263      1706.67
   12427.263     0.999512     13849780      2048.00
   12443.647     0.999561     13850557      2275.56
   12451.839     0.999609     13851029      2560.00
   12468.223     0.999658     13851817      2925.71
   12484.607     0.999707     13852381      3413.33
   12500.991     0.999756     13853042      4096.00
   12509.183     0.999780     13853305      4551.11
   12525.567     0.999805     13853827      5120.00
   12533.759     0.999829     13854047      5851.43
   12550.143     0.999854     13854489      6826.67
   12558.335     0.999878     13854679      8192.00
   12566.527     0.999890     13854893      9102.22
   12574.719     0.999902     13855092     10240.00
   12582.911     0.999915     13855255     11702.86
   12591.103     0.999927     13855427     13653.33
   12599.295     0.999939     13855660     16384.00
   12599.295     0.999945     13855660     18204.44
   12599.295     0.999951     13855660     20480.00
   12607.487     0.999957     13855820     23405.71
   12607.487     0.999963     13855820     27306.67
   12615.679     0.999969     13855907     32768.00
   12615.679     0.999973     13855907     36408.89
   12623.871     0.999976     13855946     40960.00
   12640.255     0.999979     13855997     46811.43
   12648.447     0.999982     13856030     54613.33
   12656.639     0.999985     13856090     65536.00
   12656.639     0.999986     13856090     72817.78
   12664.831     0.999988     13856150     81920.00
   12664.831     0.999989     13856150     93622.86
   12673.023     0.999991     13856197    109226.67
   12673.023     0.999992     13856197    131072.00
   12673.023     0.999993     13856197    145635.56
   12673.023     0.999994     13856197    163840.00
   12681.215     0.999995     13856223    187245.71
   12681.215     0.999995     13856223    218453.33
   12689.407     0.999996     13856251    262144.00
   12689.407     0.999997     13856251    291271.11
   12689.407     0.999997     13856251    327680.00
   12689.407     0.999997     13856251    374491.43
   12689.407     0.999998     13856251    436906.67
   12689.407     0.999998     13856251    524288.00
   12697.599     0.999998     13856277    582542.22
   12697.599     1.000000     13856277          inf
#[Mean    =     6936.760, StdDeviation   =     2923.578]
#[Max     =    12689.408, Total count    =     13856277]
#[Buckets =           27, SubBuckets     =         2048]
----------------------------------------------------------
  16674703 requests in 1.00m, 19.77GB read
Requests/sec: 277914.13
Transfer/sec:    337.39MB
