Running 1m test @ http://192.168.100.1:8080/exp1-1k.txt
  4 threads and 256 connections
  Thread calibration: mean lat.: 786.837ms, rate sampling interval: 3121ms
  Thread calibration: mean lat.: 854.966ms, rate sampling interval: 3346ms
  Thread calibration: mean lat.: 938.816ms, rate sampling interval: 3469ms
  Thread calibration: mean lat.: 883.941ms, rate sampling interval: 3356ms
  Thread Stats   Avg      Stdev     Max   +/- Stdev
    Latency     6.89s     2.92s   12.75s    57.74%
    Req/Sec    69.74k     1.11k   72.40k    61.40%
  Latency Distribution (HdrHistogram - Recorded Latency)
 50.000%    6.88s 
 75.000%    9.41s 
 90.000%   10.94s 
 99.000%   11.95s 
 99.900%   12.44s 
 99.990%   12.65s 
 99.999%   12.74s 
100.000%   12.76s 

  Detailed Percentile spectrum:
       Value   Percentile   TotalCount 1/(1-Percentile)

    1637.375     0.000000            3         1.00
    2854.911     0.100000      1387622         1.11
    3848.191     0.200000      2772440         1.25
    4861.951     0.300000      4162085         1.43
    5853.183     0.400000      5549895         1.67
    6877.183     0.500000      6933278         2.00
    7380.991     0.550000      7626942         2.22
    7892.991     0.600000      8318393         2.50
    8404.991     0.650000      9012237         2.86
    8912.895     0.700000      9712869         3.33
    9412.607     0.750000     10397586         4.00
    9674.751     0.775000     10751347         4.44
    9920.511     0.800000     11089515         5.00
   10174.463     0.825000     11441159         5.71
   10428.415     0.850000     11783331         6.67
   10682.367     0.875000     12138965         8.00
   10805.247     0.887500     12302066         8.89
   10936.319     0.900000     12478894        10.00
   11059.199     0.912500     12651197        11.43
   11182.079     0.925000     12829588        13.33
   11304.959     0.937500     13000456        16.00
   11370.495     0.943750     13084998        17.78
   11444.223     0.950000     13178243        20.00
   11509.759     0.956250     13261872        22.86
   11575.295     0.962500     13342271        26.67
   11649.023     0.968750     13429453        32.00
   11689.983     0.971875     13476857        35.56
   11722.751     0.975000     13515099        40.00
   11763.711     0.978125     13561797        45.71
   11804.671     0.981250     13605363        53.33
   11853.823     0.984375     13651715        64.00
   11878.399     0.985938     13671560        71.11
   11902.975     0.987500     13690602        80.00
   11935.743     0.989062     13712831        91.43
   11968.511     0.990625     13733080       106.67
   12009.471     0.992188     13754536       128.00
   12034.047     0.992969     13766271       142.22
   12058.623     0.993750     13775806       160.00
   12091.391     0.994531     13787075       182.86
   12124.159     0.995313     13797328       213.33
   12165.119     0.996094     13808025       256.00
   12189.695     0.996484     13813471       284.44
   12214.271     0.996875     13818377       320.00
   12247.039     0.997266     13823668       365.71
   12287.999     0.997656     13829439       426.67
   12328.959     0.998047     13834445       512.00
   12353.535     0.998242     13837452       568.89
   12369.919     0.998437     13839633       640.00
   12394.495     0.998633     13842746       731.43
   12419.071     0.998828     13845465       853.33
   12443.647     0.999023     13847949      1024.00
   12460.031     0.999121     13849290      1137.78
   12476.415     0.999219     13850561      1280.00
   12492.799     0.999316     13851869      1462.86
   12509.183     0.999414     13853299      1706.67
   12525.567     0.999512     13854533      2048.00
   12541.951     0.999561     13855623      2275.56
   12550.143     0.999609     13856133      2560.00
   12558.335     0.999658     13856639      2925.71
   12574.719     0.999707     13857583      3413.33
   12582.911     0.999756     13858031      4096.00
   12591.103     0.999780     13858360      4551.11
   12599.295     0.999805     13858653      5120.00
   12607.487     0.999829     13858893      5851.43
   12623.871     0.999854     13859340      6826.67
   12640.255     0.999878     13859689      8192.00
   12648.447     0.999890     13859855      9102.22
   12656.639     0.999902     13860010     10240.00
   12664.831     0.999915     13860146     11702.86
   12673.023     0.999927     13860267     13653.33
   12681.215     0.999939     13860394     16384.00
   12689.407     0.999945     13860508     18204.44
   12697.599     0.999951     13860620     20480.00
   12705.791     0.999957     13860740     23405.71
   12705.791     0.999963     13860740     27306.67
   12713.983     0.999969     13860862     32768.00
   12713.983     0.999973     13860862     36408.89
   12722.175     0.999976     13860963     40960.00
   12722.175     0.999979     13860963     46811.43
   12730.367     0.999982     13861059     54613.33
   12730.367     0.999985     13861059     65536.00
   12730.367     0.999986     13861059     72817.78
   12738.559     0.999988     13861129     81920.00
   12738.559     0.999989     13861129     93622.86
   12738.559     0.999991     13861129    109226.67
   12746.751     0.999992     13861194    131072.00
   12746.751     0.999993     13861194    145635.56
   12746.751     0.999994     13861194    163840.00
   12746.751     0.999995     13861194    187245.71
   12746.751     0.999995     13861194    218453.33
   12746.751     0.999996     13861194    262144.00
   12746.751     0.999997     13861194    291271.11
   12746.751     0.999997     13861194    327680.00
   12754.943     0.999997     13861226    374491.43
   12754.943     0.999998     13861226    436906.67
   12754.943     0.999998     13861226    524288.00
   12754.943     0.999998     13861226    582542.22
   12754.943     0.999998     13861226    655360.00
   12754.943     0.999999     13861226    748982.86
   12754.943     0.999999     13861226    873813.33
   12754.943     0.999999     13861226   1048576.00
   12754.943     0.999999     13861226   1165084.44
   12754.943     0.999999     13861226   1310720.00
   12763.135     0.999999     13861236   1497965.71
   12763.135     1.000000     13861236          inf
#[Mean    =     6887.361, StdDeviation   =     2923.612]
#[Max     =    12754.944, Total count    =     13861236]
#[Buckets =           27, SubBuckets     =         2048]
----------------------------------------------------------
  16690304 requests in 1.00m, 19.79GB read
Requests/sec: 278172.54
Transfer/sec:    337.71MB
