Running 1m test @ http://192.168.100.1:8080/exp1-1k.txt
  4 threads and 256 connections
  Thread calibration: mean lat.: 879.311ms, rate sampling interval: 3399ms
  Thread calibration: mean lat.: 814.051ms, rate sampling interval: 3323ms
  Thread calibration: mean lat.: 806.739ms, rate sampling interval: 3182ms
  Thread calibration: mean lat.: 1029.796ms, rate sampling interval: 3631ms
  Thread Stats   Avg      Stdev     Max   +/- Stdev
    Latency     6.95s     2.92s   12.77s    57.99%
    Req/Sec    69.71k     0.85k   71.75k    64.29%
  Latency Distribution (HdrHistogram - Recorded Latency)
 50.000%    6.94s 
 75.000%    9.48s 
 90.000%   10.99s 
 99.000%   12.01s 
 99.900%   12.40s 
 99.990%   12.62s 
 99.999%   12.75s 
100.000%   12.78s 

  Detailed Percentile spectrum:
       Value   Percentile   TotalCount 1/(1-Percentile)

    1620.991     0.000000            4         1.00
    2908.159     0.100000      1385404         1.11
    3923.967     0.200000      2771797         1.25
    4931.583     0.300000      4161272         1.43
    5926.911     0.400000      5541502         1.67
    6938.623     0.500000      6927267         2.00
    7446.527     0.550000      7622327         2.22
    7958.527     0.600000      8315973         2.50
    8462.335     0.650000      9005775         2.86
    8978.431     0.700000      9707065         3.33
    9478.143     0.750000     10398670         4.00
    9732.095     0.775000     10745237         4.44
    9986.047     0.800000     11091402         5.00
   10231.807     0.825000     11430629         5.71
   10493.951     0.850000     11784832         6.67
   10747.903     0.875000     12123499         8.00
   10870.783     0.887500     12298317         8.89
   10993.663     0.900000     12470567        10.00
   11116.543     0.912500     12643347        11.43
   11247.615     0.925000     12824752        13.33
   11370.495     0.937500     12996406        16.00
   11427.839     0.943750     13075889        17.78
   11493.375     0.950000     13165134        20.00
   11558.911     0.956250     13253650        22.86
   11624.447     0.962500     13336863        26.67
   11698.175     0.968750     13429002        32.00
   11730.943     0.971875     13466059        35.56
   11771.903     0.975000     13508920        40.00
   11812.863     0.978125     13551432        45.71
   11862.015     0.981250     13599770        53.33
   11902.975     0.984375     13637543        64.00
   11927.551     0.985938     13658021        71.11
   11960.319     0.987500     13682725        80.00
   11993.087     0.989062     13705380        91.43
   12025.855     0.990625     13725836       106.67
   12066.815     0.992188     13747268       128.00
   12091.391     0.992969     13758153       142.22
   12115.967     0.993750     13768747       160.00
   12140.543     0.994531     13778736       182.86
   12165.119     0.995313     13788179       213.33
   12197.887     0.996094     13799749       256.00
   12214.271     0.996484     13805013       284.44
   12230.655     0.996875     13809602       320.00
   12255.231     0.997266     13815220       365.71
   12279.807     0.997656     13820689       426.67
   12304.383     0.998047     13825827       512.00
   12320.767     0.998242     13828615       568.89
   12337.151     0.998437     13831282       640.00
   12353.535     0.998633     13833541       731.43
   12378.111     0.998828     13836521       853.33
   12402.687     0.999023     13839208      1024.00
   12419.071     0.999121     13840746      1137.78
   12435.455     0.999219     13842316      1280.00
   12443.647     0.999316     13843096      1462.86
   12460.031     0.999414     13844426      1706.67
   12476.415     0.999512     13845716      2048.00
   12492.799     0.999561     13846765      2275.56
   12500.991     0.999609     13847171      2560.00
   12517.375     0.999658     13847933      2925.71
   12533.759     0.999707     13848492      3413.33
   12550.143     0.999756     13849162      4096.00
   12558.335     0.999780     13849469      4551.11
   12566.527     0.999805     13849721      5120.00
   12582.911     0.999829     13850227      5851.43
   12591.103     0.999854     13850480      6826.67
   12607.487     0.999878     13850851      8192.00
   12615.679     0.999890     13851008      9102.22
   12623.871     0.999902     13851157     10240.00
   12632.063     0.999915     13851295     11702.86
   12648.447     0.999927     13851409     13653.33
   12673.023     0.999939     13851624     16384.00
   12681.215     0.999945     13851719     18204.44
   12689.407     0.999951     13851811     20480.00
   12697.599     0.999957     13851865     23405.71
   12705.791     0.999963     13851921     27306.67
   12722.175     0.999969     13852044     32768.00
   12722.175     0.999973     13852044     36408.89
   12730.367     0.999976     13852104     40960.00
   12738.559     0.999979     13852166     46811.43
   12738.559     0.999982     13852166     54613.33
   12746.751     0.999985     13852226     65536.00
   12746.751     0.999986     13852226     72817.78
   12754.943     0.999988     13852273     81920.00
   12754.943     0.999989     13852273     93622.86
   12763.135     0.999991     13852329    109226.67
   12763.135     0.999992     13852329    131072.00
   12763.135     0.999993     13852329    145635.56
   12763.135     0.999994     13852329    163840.00
   12771.327     0.999995     13852381    187245.71
   12771.327     0.999995     13852381    218453.33
   12771.327     0.999996     13852381    262144.00
   12771.327     0.999997     13852381    291271.11
   12771.327     0.999997     13852381    327680.00
   12771.327     0.999997     13852381    374491.43
   12771.327     0.999998     13852381    436906.67
   12771.327     0.999998     13852381    524288.00
   12779.519     0.999998     13852407    582542.22
   12779.519     1.000000     13852407          inf
#[Mean    =     6948.404, StdDeviation   =     2923.548]
#[Max     =    12771.328, Total count    =     13852407]
#[Buckets =           27, SubBuckets     =         2048]
----------------------------------------------------------
  16671345 requests in 1.00m, 19.77GB read
Requests/sec: 277857.60
Transfer/sec:    337.33MB
