Running 1m test @ http://192.168.100.1:8080/exp1-1k.txt
  4 threads and 256 connections
  Thread calibration: mean lat.: 927.878ms, rate sampling interval: 3479ms
  Thread calibration: mean lat.: 1025.607ms, rate sampling interval: 3655ms
  Thread calibration: mean lat.: 1051.569ms, rate sampling interval: 3743ms
  Thread calibration: mean lat.: 947.893ms, rate sampling interval: 3450ms
  Thread Stats   Avg      Stdev     Max   +/- Stdev
    Latency     6.96s     2.89s   13.00s    57.93%
    Req/Sec    70.01k     0.92k   71.89k    66.67%
  Latency Distribution (HdrHistogram - Recorded Latency)
 50.000%    6.97s 
 75.000%    9.45s 
 90.000%   10.94s 
 99.000%   11.98s 
 99.900%   12.37s 
 99.990%   12.69s 
 99.999%   12.97s 
100.000%   13.01s 

  Detailed Percentile spectrum:
       Value   Percentile   TotalCount 1/(1-Percentile)

    1754.111     0.000000            8         1.00
    2957.311     0.100000      1393971         1.11
    3946.495     0.200000      2782950         1.25
    4956.159     0.300000      4175196         1.43
    5967.871     0.400000      5568307         1.67
    6967.295     0.500000      6957407         2.00
    7462.911     0.550000      7656064         2.22
    7954.431     0.600000      8349974         2.50
    8454.143     0.650000      9047031         2.86
    8953.855     0.700000      9741585         3.33
    9445.375     0.750000     10440912         4.00
    9691.135     0.775000     10787175         4.44
    9936.895     0.800000     11131543         5.00
   10190.847     0.825000     11481465         5.71
   10444.799     0.850000     11829918         6.67
   10698.751     0.875000     12179579         8.00
   10821.631     0.887500     12352599         8.89
   10944.511     0.900000     12520958        10.00
   11075.583     0.912500     12702252        11.43
   11190.271     0.925000     12867947        13.33
   11313.151     0.937500     13049334        16.00
   11370.495     0.943750     13136923        17.78
   11427.839     0.950000     13221332        20.00
   11485.183     0.956250     13303919        22.86
   11550.719     0.962500     13395197        26.67
   11616.255     0.968750     13477725        32.00
   11657.215     0.971875     13524370        35.56
   11698.175     0.975000     13566805        40.00
   11747.327     0.978125     13611920        45.71
   11796.479     0.981250     13650128        53.33
   11862.015     0.984375     13695941        64.00
   11894.783     0.985938     13717852        71.11
   11927.551     0.987500     13739557        80.00
   11960.319     0.989062     13758969        91.43
   12001.279     0.990625     13780940       106.67
   12050.431     0.992188     13804131       128.00
   12075.007     0.992969     13815172       142.22
   12099.583     0.993750     13825693       160.00
   12124.159     0.994531     13834930       182.86
   12156.927     0.995313     13846863       213.33
   12189.695     0.996094     13858289       256.00
   12206.079     0.996484     13863564       284.44
   12222.463     0.996875     13868447       320.00
   12238.847     0.997266     13873193       365.71
   12263.423     0.997656     13879210       426.67
   12287.999     0.998047     13884509       512.00
   12304.383     0.998242     13887446       568.89
   12320.767     0.998437     13890260       640.00
   12337.151     0.998633     13892817       731.43
   12353.535     0.998828     13895132       853.33
   12378.111     0.999023     13898007      1024.00
   12386.303     0.999121     13898881      1137.78
   12402.687     0.999219     13900469      1280.00
   12419.071     0.999316     13901727      1462.86
   12435.455     0.999414     13902727      1706.67
   12460.031     0.999512     13904116      2048.00
   12476.415     0.999561     13904801      2275.56
   12492.799     0.999609     13905368      2560.00
   12517.375     0.999658     13906120      2925.71
   12533.759     0.999707     13906679      3413.33
   12558.335     0.999756     13907409      4096.00
   12574.719     0.999780     13907804      4551.11
   12591.103     0.999805     13908136      5120.00
   12607.487     0.999829     13908446      5851.43
   12623.871     0.999854     13908719      6826.67
   12656.639     0.999878     13909025      8192.00
   12673.023     0.999890     13909229      9102.22
   12689.407     0.999902     13909342     10240.00
   12730.367     0.999915     13909515     11702.86
   12779.519     0.999927     13909702     13653.33
   12795.903     0.999939     13909846     16384.00
   12820.479     0.999945     13909951     18204.44
   12836.863     0.999951     13910022     20480.00
   12853.247     0.999957     13910106     23405.71
   12877.823     0.999963     13910193     27306.67
   12902.399     0.999969     13910277     32768.00
   12918.783     0.999973     13910330     36408.89
   12926.975     0.999976     13910358     40960.00
   12935.167     0.999979     13910412     46811.43
   12943.359     0.999982     13910464     54613.33
   12951.551     0.999985     13910501     65536.00
   12951.551     0.999986     13910501     72817.78
   12959.743     0.999988     13910529     81920.00
   12967.935     0.999989     13910554     93622.86
   12976.127     0.999991     13910579    109226.67
   12984.319     0.999992     13910606    131072.00
   12984.319     0.999993     13910606    145635.56
   12984.319     0.999994     13910606    163840.00
   12992.511     0.999995     13910633    187245.71
   12992.511     0.999995     13910633    218453.33
   13000.703     0.999996     13910678    262144.00
   13000.703     0.999997     13910678    291271.11
   13000.703     0.999997     13910678    327680.00
   13000.703     0.999997     13910678    374491.43
   13000.703     0.999998     13910678    436906.67
   13000.703     0.999998     13910678    524288.00
   13000.703     0.999998     13910678    582542.22
   13000.703     0.999998     13910678    655360.00
   13000.703     0.999999     13910678    748982.86
   13000.703     0.999999     13910678    873813.33
   13000.703     0.999999     13910678   1048576.00
   13000.703     0.999999     13910678   1165084.44
   13008.895     0.999999     13910689   1310720.00
   13008.895     1.000000     13910689          inf
#[Mean    =     6955.525, StdDeviation   =     2885.232]
#[Max     =    13000.704, Total count    =     13910689]
#[Buckets =           27, SubBuckets     =         2048]
----------------------------------------------------------
  16769110 requests in 1.00m, 19.88GB read
Requests/sec: 279487.36
Transfer/sec:    339.30MB
