Running 1m test @ http://192.168.100.1:8080/exp1-1k.txt
  4 threads and 256 connections
  Thread calibration: mean lat.: 938.093ms, rate sampling interval: 3289ms
  Thread calibration: mean lat.: 941.591ms, rate sampling interval: 3608ms
  Thread calibration: mean lat.: 816.676ms, rate sampling interval: 3397ms
  Thread calibration: mean lat.: 781.574ms, rate sampling interval: 3121ms
  Thread Stats   Avg      Stdev     Max   +/- Stdev
    Latency     6.94s     2.93s   12.80s    57.98%
    Req/Sec    69.74k     1.04k   71.73k    66.67%
  Latency Distribution (HdrHistogram - Recorded Latency)
 50.000%    6.94s 
 75.000%    9.46s 
 90.000%   10.98s 
 99.000%   12.01s 
 99.900%   12.41s 
 99.990%   12.66s 
 99.999%   12.79s 
100.000%   12.81s 

  Detailed Percentile spectrum:
       Value   Percentile   TotalCount 1/(1-Percentile)

    1606.655     0.000000            2         1.00
    2889.727     0.100000      1386651         1.11
    3895.295     0.200000      2771364         1.25
    4907.007     0.300000      4158830         1.43
    5922.815     0.400000      5545434         1.67
    6938.623     0.500000      6929662         2.00
    7450.623     0.550000      7624038         2.22
    7958.527     0.600000      8313811         2.50
    8462.335     0.650000      9010008         2.86
    8962.047     0.700000      9705473         3.33
    9461.759     0.750000     10394442         4.00
    9715.711     0.775000     10748229         4.44
    9969.663     0.800000     11088019         5.00
   10215.423     0.825000     11434572         5.71
   10469.375     0.850000     11780748         6.67
   10731.519     0.875000     12128958         8.00
   10854.399     0.887500     12299432         8.89
   10977.279     0.900000     12470521        10.00
   11108.351     0.912500     12653557        11.43
   11231.231     0.925000     12820937        13.33
   11362.303     0.937500     12998972        16.00
   11419.647     0.943750     13076738        17.78
   11485.183     0.950000     13167127        20.00
   11550.719     0.956250     13253558        22.86
   11624.447     0.962500     13346567        26.67
   11689.983     0.968750     13425588        32.00
   11730.943     0.971875     13474159        35.56
   11763.711     0.975000     13510925        40.00
   11804.671     0.978125     13555890        45.71
   11845.631     0.981250     13596793        53.33
   11902.975     0.984375     13645196        64.00
   11927.551     0.985938     13664937        71.11
   11952.127     0.987500     13683208        80.00
   11984.895     0.989062     13706299        91.43
   12025.855     0.990625     13730564       106.67
   12058.623     0.992188     13748137       128.00
   12083.199     0.992969     13761049       142.22
   12107.775     0.993750     13772420       160.00
   12132.351     0.994531     13783389       182.86
   12156.927     0.995313     13793342       213.33
   12181.503     0.996094     13802368       256.00
   12197.887     0.996484     13807757       284.44
   12222.463     0.996875     13814530       320.00
   12238.847     0.997266     13818550       365.71
   12263.423     0.997656     13824105       426.67
   12296.191     0.998047     13830244       512.00
   12312.575     0.998242     13832469       568.89
   12337.151     0.998437     13835357       640.00
   12361.727     0.998633     13837857       731.43
   12386.303     0.998828     13840356       853.33
   12410.879     0.999023     13842748      1024.00
   12427.263     0.999121     13844150      1137.78
   12443.647     0.999219     13845589      1280.00
   12460.031     0.999316     13846897      1462.86
   12476.415     0.999414     13848175      1706.67
   12500.991     0.999512     13849798      2048.00
   12509.183     0.999561     13850308      2275.56
   12517.375     0.999609     13850781      2560.00
   12533.759     0.999658     13851550      2925.71
   12550.143     0.999707     13852034      3413.33
   12574.719     0.999756     13852771      4096.00
   12591.103     0.999780     13853206      4551.11
   12599.295     0.999805     13853510      5120.00
   12607.487     0.999829     13853806      5851.43
   12615.679     0.999854     13854063      6826.67
   12640.255     0.999878     13854480      8192.00
   12648.447     0.999890     13854563      9102.22
   12664.831     0.999902     13854744     10240.00
   12681.215     0.999915     13854989     11702.86
   12689.407     0.999927     13855131     13653.33
   12697.599     0.999939     13855252     16384.00
   12705.791     0.999945     13855367     18204.44
   12713.983     0.999951     13855447     20480.00
   12722.175     0.999957     13855506     23405.71
   12738.559     0.999963     13855634     27306.67
   12746.751     0.999969     13855691     32768.00
   12754.943     0.999973     13855747     36408.89
   12754.943     0.999976     13855747     40960.00
   12771.327     0.999979     13855839     46811.43
   12771.327     0.999982     13855839     54613.33
   12779.519     0.999985     13855894     65536.00
   12787.711     0.999986     13855952     72817.78
   12787.711     0.999988     13855952     81920.00
   12787.711     0.999989     13855952     93622.86
   12795.903     0.999991     13856015    109226.67
   12795.903     0.999992     13856015    131072.00
   12795.903     0.999993     13856015    145635.56
   12795.903     0.999994     13856015    163840.00
   12795.903     0.999995     13856015    187245.71
   12804.095     0.999995     13856074    218453.33
   12804.095     0.999996     13856074    262144.00
   12804.095     0.999997     13856074    291271.11
   12804.095     0.999997     13856074    327680.00
   12804.095     0.999997     13856074    374491.43
   12804.095     0.999998     13856074    436906.67
   12804.095     0.999998     13856074    524288.00
   12804.095     0.999998     13856074    582542.22
   12804.095     0.999998     13856074    655360.00
   12804.095     0.999999     13856074    748982.86
   12804.095     0.999999     13856074    873813.33
   12804.095     0.999999     13856074   1048576.00
   12804.095     0.999999     13856074   1165084.44
   12812.287     0.999999     13856085   1310720.00
   12812.287     1.000000     13856085          inf
#[Mean    =     6936.299, StdDeviation   =     2927.984]
#[Max     =    12804.096, Total count    =     13856085]
#[Buckets =           27, SubBuckets     =         2048]
----------------------------------------------------------
  16678669 requests in 1.00m, 19.77GB read
Requests/sec: 277978.41
Transfer/sec:    337.47MB
